
109.0,99.0,96.0,111.0,106.0,86.0,58.0,60.0,72.0,76.0,74.0,110.0,91.0,94.0,107.0,97.0,80.0,68.0,58.0,60.0,63.0,85.0,114.0,85.0,57.0;
91.0,85.0,91.0,102.0,87.0,106.0,60.0,76.0,59.0,58.0,62.0,94.0,112.0,96.0,101.0,103.0,84.0,65.0,70.0,71.0,72.0,91.0,105.0,104.0,168.0;107.0,87.0,91.0,89.0,88.0,111.0,69.0,70.0,72.0,73.0,68.0,109.0,94.0,86.0,111.0,90.0,66.0,57.0,58.0,71.0,66.0,108.0,99.0,96.0,79.0;
107.0,95.0,92.0,99.0,86.0,113.0,58.0,63.0,81.0,71.0,61.0,110.0,103.0,112.0,103.0,92.0,83.0,82.0,72.0,56.0,68.0,97.0,110.0,91.0,78.0;107.0,112.0,92.0,99.0,99.0,108.0,62.0,72.0,67.0,78.0,85.0,90.0,93.0,112.0,87.0,86.0,70.0,65.0,59.0,69.0,74.0,105.0,99.0,98.0,171.0;101.0,108.0,88.0,111.0,86.0,104.0,68.0,64.0,70.0,85.0,71.0,112.0,87.0,106.0,86.0,98.0,66.0,57.0,57.0,69.0,70.0,106.0,98.0,91.0,69.0;
91.0,97.0,110.0,103.0,93.0,106.0,77.0,82.0,83.0,69.0,78.0,104.0,111.0,112.0,99.0,111.0,59.0,74.0,74.0,81.0,65.0,87.0,106.0,91.0,2.0;94.0,108.0,91.0,98.0,98.0,94.0,60.0,69.0,82.0,85.0,72.0,104.0,113.0,100.0,88.0,112.0,63.0,81.0,66.0,65.0,83.0,100.0,89.0,106.0,112.0;111.0,102.0,100.0,90.0,114.0,108.0,80.0,57.0,85.0,76.0,78.0,98.0,100.0,86.0,85.0,85.0,74.0,80.0,63.0,76.0,67.0,96.0,94.0,113.0,40.0;111.0,103.0,114.0,89.0,108.0,111.0,70.0,56.0,73.0,81.0,57.0,106.0,94.0,90.0,104.0,98.0,65.0,60.0,58.0,83.0,72.0,99.0,95.0,112.0,132.0;
98.0,111.0,91.0,103.0,108.0,86.0,64.0,79.0,65.0,60.0,71.0,90.0,85.0,98.0,85.0,114.0,63.0,72.0,80.0,84.0,68.0,112.0,109.0,93.0,26.0;98.0,103.0,111.0,98.0,101.0,97.0,74.0,61.0,56.0,78.0,69.0,101.0,86.0,91.0,90.0,94.0,65.0,58.0,74.0,66.0,80.0,111.0,86.0,85.0,80.0;92.0,86.0,108.0,87.0,101.0,104.0,63.0,78.0,75.0,61.0,81.0,87.0,100.0,100.0,109.0,105.0,72.0,61.0,85.0,66.0,83.0,109.0,111.0,113.0,99.0;106.0,97.0,104.0,88.0,101.0,100.0,77.0,66.0,63.0,68.0,85.0,103.0,95.0,103.0,85.0,99.0,59.0,59.0,84.0,78.0,57.0,90.0,112.0,97.0,16.0;113.0,114.0,109.0,97.0,101.0,107.0,85.0,77.0,56.0,74.0,79.0,108.0,104.0,87.0,103.0,109.0,84.0,83.0,75.0,70.0,72.0,101.0,113.0,93.0,174.0;
92.0,100.0,101.0,109.0,94.0,113.0,85.0,79.0,67.0,62.0,70.0,104.0,109.0,110.0,98.0,88.0,59.0,63.0,64.0,79.0,61.0,88.0,88.0,106.0,194.0;105.0,114.0,104.0,104.0,104.0,91.0,60.0,76.0,63.0,80.0,66.0,107.0,106.0,104.0,104.0,114.0,65.0,75.0,57.0,77.0,68.0,108.0,100.0,113.0,101.0;86.0,90.0,93.0,113.0,114.0,87.0,81.0,61.0,77.0,74.0,60.0,110.0,88.0,104.0,99.0,101.0,62.0,69.0,70.0,80.0,67.0,85.0,110.0,99.0,177.0;103.0,100.0,94.0,96.0,114.0,104.0,82.0,71.0,69.0,58.0,60.0,112.0,85.0,104.0,89.0,90.0,58.0,66.0,84.0,72.0,77.0,99.0,94.0,99.0,155.0;85.0,107.0,91.0,103.0,93.0,92.0,62.0,73.0,75.0,74.0,69.0,92.0,102.0,102.0,105.0,103.0,59.0,79.0,61.0,73.0,57.0,108.0,109.0,94.0,9.0;86.0,95.0,97.0,95.0,111.0,109.0,77.0,65.0,68.0,63.0,64.0,86.0,100.0,85.0,111.0,90.0,69.0,68.0,74.0,67.0,59.0,91.0,98.0,100.0,87.0;
86.0,106.0,92.0,92.0,91.0,86.0,84.0,58.0,60.0,85.0,82.0,103.0,114.0,97.0,94.0,103.0,76.0,82.0,83.0,67.0,69.0,92.0,108.0,98.0,56.0;111.0,102.0,101.0,105.0,101.0,99.0,70.0,82.0,75.0,72.0,81.0,108.0,113.0,85.0,106.0,99.0,74.0,84.0,59.0,73.0,84.0,95.0,99.0,108.0,82.0;104.0,103.0,94.0,101.0,85.0,90.0,71.0,56.0,60.0,78.0,67.0,97.0,93.0,94.0,100.0,107.0,56.0,73.0,71.0,56.0,57.0,112.0,86.0,94.0,153.0;96.0,95.0,97.0,107.0,87.0,103.0,83.0,56.0,84.0,60.0,58.0,112.0,112.0,104.0,92.0,98.0,75.0,84.0,62.0,77.0,75.0,98.0,98.0,94.0,86.0;103.0,114.0,99.0,103.0,95.0,94.0,59.0,76.0,83.0,63.0,69.0,111.0,110.0,111.0,111.0,98.0,59.0,68.0,75.0,56.0,63.0,91.0,101.0,113.0,57.0;91.0,104.0,114.0,110.0,89.0,105.0,60.0,65.0,61.0,64.0,77.0,88.0,96.0,86.0,90.0,99.0,67.0,57.0,57.0,62.0,66.0,109.0,87.0,114.0,38.0;99.0,86.0,112.0,103.0,94.0,108.0,70.0,83.0,67.0,56.0,76.0,87.0,90.0,111.0,92.0,114.0,64.0,85.0,76.0,64.0,63.0,95.0,100.0,99.0,64.0;
102.0,109.0,108.0,108.0,97.0,105.0,77.0,75.0,62.0,78.0,63.0,112.0,94.0,99.0,87.0,99.0,61.0,78.0,60.0,61.0,71.0,89.0,110.0,112.0,99.0;88.0,87.0,91.0,90.0,96.0,86.0,77.0,62.0,73.0,66.0,84.0,99.0,103.0,111.0,95.0,110.0,81.0,79.0,79.0,61.0,79.0,100.0,107.0,90.0,90.0;98.0,91.0,96.0,92.0,112.0,85.0,67.0,63.0,60.0,66.0,73.0,88.0,107.0,87.0,111.0,89.0,79.0,60.0,84.0,70.0,75.0,113.0,86.0,92.0,200.0;85.0,91.0,96.0,86.0,92.0,104.0,64.0,64.0,79.0,70.0,70.0,113.0,95.0,85.0,110.0,106.0,83.0,84.0,56.0,59.0,75.0,87.0,99.0,112.0,147.0;112.0,91.0,107.0,94.0,108.0,102.0,59.0,58.0,68.0,76.0,59.0,99.0,102.0,107.0,109.0,94.0,72.0,83.0,84.0,68.0,72.0,86.0,108.0,104.0,142.0;109.0,92.0,113.0,103.0,112.0,110.0,65.0,83.0,75.0,62.0,83.0,100.0,108.0,87.0,91.0,96.0,68.0,82.0,62.0,76.0,64.0,92.0,87.0,89.0,58.0;107.0,87.0,93.0,95.0,100.0,105.0,64.0,75.0,69.0,68.0,79.0,91.0,114.0,99.0,107.0,93.0,64.0,69.0,72.0,78.0,63.0,104.0,85.0,90.0,145.0;97.0,91.0,107.0,86.0,108.0,85.0,58.0,61.0,84.0,82.0,74.0,88.0,86.0,95.0,108.0,100.0,59.0,80.0,60.0,78.0,57.0,94.0,91.0,90.0,94.0;
92.0,111.0,111.0,107.0,109.0,98.0,70.0,79.0,56.0,76.0,74.0,110.0,106.0,111.0,100.0,110.0,83.0,75.0,57.0,70.0,84.0,109.0,85.0,90.0,30.0;88.0,113.0,103.0,96.0,114.0,104.0,57.0,82.0,59.0,85.0,70.0,113.0,107.0,108.0,90.0,104.0,79.0,82.0,77.0,64.0,60.0,112.0,92.0,112.0,53.0;107.0,109.0,94.0,112.0,107.0,91.0,64.0,72.0,81.0,76.0,68.0,91.0,97.0,114.0,104.0,88.0,78.0,56.0,63.0,58.0,64.0,89.0,93.0,106.0,123.0;89.0,101.0,89.0,92.0,88.0,100.0,74.0,63.0,65.0,76.0,68.0,113.0,86.0,100.0,88.0,96.0,69.0,59.0,68.0,85.0,74.0,98.0,88.0,91.0,83.0;87.0,113.0,113.0,86.0,103.0,96.0,73.0,65.0,78.0,76.0,60.0,100.0,96.0,97.0,103.0,96.0,79.0,77.0,79.0,62.0,59.0,97.0,94.0,113.0,24.0;104.0,101.0,99.0,108.0,112.0,94.0,57.0,68.0,76.0,63.0,81.0,110.0,98.0,100.0,88.0,107.0,76.0,84.0,82.0,64.0,72.0,106.0,110.0,97.0,196.0;109.0,111.0,95.0,111.0,105.0,104.0,67.0,62.0,65.0,64.0,77.0,91.0,96.0,93.0,104.0,98.0,67.0,61.0,78.0,64.0,58.0,106.0,96.0,101.0,148.0;96.0,101.0,100.0,107.0,111.0,105.0,59.0,85.0,66.0,67.0,66.0,93.0,97.0,97.0,113.0,108.0,78.0,62.0,71.0,67.0,83.0,102.0,95.0,104.0,108.0;85.0,100.0,89.0,97.0,102.0,101.0,62.0,68.0,76.0,60.0,83.0,98.0,108.0,88.0,95.0,95.0,59.0,61.0,74.0,66.0,77.0,99.0,109.0,114.0,10.0;
103.0,86.0,98.0,89.0,103.0,112.0,84.0,68.0,78.0,57.0,70.0,87.0,95.0,100.0,89.0,93.0,77.0,64.0,57.0,72.0,68.0,112.0,91.0,101.0,57.0;106.0,87.0,87.0,112.0,112.0,107.0,79.0,81.0,71.0,58.0,61.0,96.0,86.0,112.0,98.0,100.0,67.0,56.0,62.0,70.0,59.0,107.0,97.0,90.0,104.0;105.0,110.0,86.0,87.0,98.0,105.0,63.0,77.0,74.0,76.0,84.0,87.0,109.0,90.0,92.0,100.0,75.0,78.0,61.0,85.0,59.0,86.0,113.0,113.0,51.0;93.0,98.0,105.0,110.0,112.0,105.0,70.0,57.0,73.0,59.0,68.0,87.0,108.0,104.0,99.0,107.0,81.0,65.0,68.0,69.0,62.0,87.0,109.0,92.0,179.0;91.0,96.0,109.0,92.0,94.0,88.0,74.0,63.0,58.0,64.0,70.0,91.0,103.0,98.0,88.0,108.0,76.0,60.0,82.0,76.0,83.0,99.0,96.0,97.0,104.0;105.0,97.0,85.0,97.0,111.0,98.0,73.0,73.0,83.0,80.0,58.0,95.0,108.0,91.0,95.0,85.0,84.0,72.0,71.0,67.0,79.0,106.0,105.0,110.0,187.0;108.0,103.0,91.0,96.0,97.0,103.0,63.0,65.0,59.0,65.0,67.0,87.0,103.0,109.0,90.0,113.0,59.0,85.0,77.0,64.0,62.0,107.0,94.0,103.0,30.0;88.0,85.0,99.0,87.0,110.0,95.0,66.0,74.0,70.0,59.0,71.0,111.0,95.0,102.0,89.0,113.0,72.0,74.0,59.0,80.0,62.0,111.0,89.0,112.0,193.0;101.0,108.0,92.0,100.0,98.0,86.0,56.0,68.0,64.0,56.0,76.0,94.0,108.0,94.0,107.0,107.0,56.0,68.0,72.0,84.0,70.0,107.0,94.0,92.0,129.0;101.0,85.0,114.0,104.0,85.0,89.0,56.0,63.0,67.0,58.0,78.0,110.0,113.0,88.0,102.0,98.0,74.0,61.0,62.0,81.0,65.0,101.0,108.0,110.0,152.0;
