
93.0,96.0,101.0,98.0,92.0,111.0,63.0,69.0,72.0,64.0,75.0,96.0,108.0,86.0,114.0,93.0,76.0,56.0,62.0,76.0,75.0,96.0,100.0,90.0,44.0;
85.0,106.0,100.0,110.0,105.0,106.0,62.0,78.0,67.0,70.0,60.0,102.0,96.0,104.0,102.0,104.0,59.0,68.0,64.0,71.0,81.0,91.0,101.0,97.0,126.0;90.0,96.0,100.0,107.0,107.0,103.0,82.0,85.0,61.0,72.0,60.0,89.0,104.0,97.0,108.0,92.0,73.0,60.0,66.0,59.0,57.0,103.0,102.0,105.0,113.0;
103.0,93.0,90.0,90.0,103.0,110.0,59.0,64.0,65.0,74.0,64.0,94.0,89.0,90.0,90.0,111.0,83.0,82.0,75.0,84.0,83.0,111.0,109.0,113.0,197.0;89.0,105.0,107.0,107.0,101.0,93.0,73.0,64.0,71.0,72.0,66.0,110.0,97.0,101.0,98.0,111.0,71.0,56.0,67.0,71.0,66.0,105.0,113.0,113.0,41.0;103.0,112.0,104.0,99.0,93.0,90.0,58.0,76.0,64.0,64.0,69.0,95.0,107.0,111.0,95.0,102.0,62.0,84.0,81.0,81.0,65.0,108.0,85.0,94.0,86.0;
101.0,94.0,91.0,113.0,104.0,109.0,84.0,58.0,65.0,59.0,67.0,85.0,100.0,104.0,112.0,86.0,79.0,76.0,76.0,75.0,64.0,92.0,108.0,92.0,120.0;89.0,97.0,98.0,107.0,92.0,88.0,80.0,61.0,81.0,69.0,57.0,88.0,100.0,98.0,114.0,97.0,56.0,85.0,85.0,61.0,62.0,104.0,98.0,88.0,58.0;90.0,87.0,102.0,109.0,97.0,90.0,72.0,77.0,72.0,59.0,76.0,114.0,87.0,103.0,88.0,114.0,81.0,65.0,82.0,69.0,69.0,113.0,108.0,101.0,175.0;99.0,107.0,99.0,88.0,104.0,106.0,79.0,74.0,68.0,63.0,78.0,102.0,108.0,92.0,86.0,101.0,81.0,57.0,73.0,71.0,61.0,107.0,92.0,91.0,47.0;
101.0,112.0,105.0,102.0,97.0,90.0,84.0,65.0,56.0,82.0,85.0,99.0,108.0,111.0,99.0,95.0,78.0,76.0,59.0,59.0,59.0,114.0,92.0,110.0,110.0;102.0,85.0,90.0,100.0,93.0,114.0,70.0,58.0,65.0,78.0,69.0,95.0,85.0,114.0,88.0,112.0,76.0,62.0,79.0,68.0,78.0,99.0,101.0,97.0,118.0;107.0,102.0,99.0,90.0,95.0,96.0,84.0,61.0,57.0,62.0,65.0,110.0,93.0,86.0,109.0,108.0,61.0,59.0,63.0,62.0,75.0,106.0,87.0,102.0,200.0;90.0,104.0,105.0,105.0,88.0,103.0,69.0,70.0,73.0,65.0,66.0,106.0,114.0,99.0,93.0,103.0,76.0,74.0,57.0,62.0,62.0,99.0,92.0,105.0,178.0;85.0,101.0,87.0,106.0,110.0,114.0,71.0,67.0,69.0,56.0,80.0,102.0,107.0,110.0,105.0,96.0,78.0,61.0,76.0,64.0,69.0,92.0,86.0,113.0,131.0;
90.0,97.0,113.0,107.0,95.0,85.0,82.0,79.0,61.0,82.0,66.0,110.0,93.0,103.0,103.0,108.0,64.0,61.0,66.0,58.0,76.0,88.0,113.0,107.0,25.0;94.0,101.0,97.0,114.0,89.0,93.0,72.0,63.0,80.0,84.0,74.0,109.0,111.0,91.0,110.0,104.0,56.0,75.0,74.0,61.0,63.0,96.0,87.0,108.0,99.0;85.0,92.0,100.0,114.0,95.0,89.0,78.0,83.0,65.0,65.0,77.0,107.0,108.0,104.0,108.0,103.0,74.0,70.0,75.0,64.0,68.0,103.0,95.0,113.0,37.0;103.0,98.0,101.0,113.0,93.0,85.0,59.0,83.0,79.0,85.0,66.0,112.0,91.0,98.0,86.0,87.0,74.0,63.0,76.0,67.0,80.0,103.0,109.0,99.0,120.0;90.0,102.0,107.0,112.0,90.0,95.0,68.0,60.0,71.0,60.0,75.0,92.0,97.0,101.0,112.0,88.0,65.0,76.0,78.0,77.0,57.0,87.0,98.0,104.0,194.0;94.0,99.0,93.0,101.0,110.0,96.0,76.0,63.0,66.0,66.0,79.0,90.0,105.0,104.0,107.0,97.0,71.0,80.0,59.0,67.0,62.0,93.0,101.0,93.0,111.0;
90.0,110.0,88.0,96.0,91.0,104.0,82.0,56.0,76.0,61.0,68.0,87.0,111.0,111.0,110.0,86.0,75.0,60.0,85.0,79.0,85.0,93.0,85.0,102.0,135.0;85.0,112.0,102.0,91.0,110.0,108.0,74.0,76.0,70.0,83.0,78.0,88.0,86.0,89.0,87.0,95.0,79.0,67.0,67.0,84.0,74.0,114.0,89.0,104.0,20.0;113.0,98.0,101.0,103.0,86.0,86.0,81.0,58.0,80.0,73.0,65.0,109.0,110.0,85.0,99.0,107.0,82.0,79.0,83.0,57.0,70.0,89.0,106.0,96.0,60.0;96.0,103.0,114.0,97.0,93.0,88.0,66.0,57.0,84.0,85.0,75.0,90.0,102.0,85.0,91.0,90.0,58.0,76.0,84.0,70.0,65.0,113.0,99.0,112.0,1.0;106.0,87.0,87.0,97.0,104.0,87.0,67.0,62.0,62.0,68.0,75.0,103.0,113.0,114.0,107.0,111.0,61.0,71.0,70.0,66.0,56.0,108.0,99.0,111.0,10.0;92.0,103.0,106.0,103.0,87.0,88.0,57.0,61.0,67.0,64.0,83.0,91.0,104.0,101.0,97.0,98.0,62.0,76.0,85.0,70.0,76.0,98.0,108.0,113.0,84.0;94.0,99.0,111.0,91.0,102.0,90.0,84.0,56.0,76.0,75.0,84.0,113.0,100.0,113.0,106.0,91.0,71.0,61.0,85.0,81.0,59.0,104.0,99.0,96.0,179.0;
91.0,91.0,109.0,89.0,97.0,108.0,59.0,61.0,79.0,67.0,72.0,100.0,89.0,89.0,92.0,89.0,56.0,79.0,63.0,79.0,74.0,96.0,98.0,100.0,46.0;99.0,99.0,89.0,97.0,96.0,101.0,82.0,82.0,66.0,77.0,69.0,99.0,86.0,107.0,98.0,101.0,72.0,77.0,68.0,66.0,63.0,99.0,109.0,107.0,54.0;112.0,100.0,85.0,110.0,105.0,107.0,78.0,58.0,76.0,74.0,63.0,94.0,106.0,97.0,99.0,114.0,71.0,77.0,56.0,85.0,66.0,92.0,98.0,96.0,101.0;99.0,105.0,106.0,114.0,100.0,100.0,56.0,63.0,79.0,85.0,85.0,90.0,102.0,92.0,91.0,97.0,69.0,61.0,56.0,85.0,77.0,95.0,93.0,92.0,154.0;109.0,97.0,86.0,91.0,112.0,104.0,66.0,56.0,84.0,80.0,64.0,110.0,103.0,96.0,95.0,101.0,79.0,64.0,80.0,77.0,84.0,96.0,113.0,106.0,28.0;94.0,97.0,88.0,88.0,114.0,108.0,74.0,70.0,72.0,79.0,68.0,109.0,106.0,89.0,96.0,88.0,76.0,67.0,66.0,65.0,76.0,110.0,93.0,112.0,150.0;93.0,85.0,88.0,105.0,105.0,114.0,82.0,76.0,82.0,83.0,83.0,98.0,91.0,89.0,98.0,103.0,59.0,79.0,72.0,72.0,84.0,99.0,102.0,105.0,158.0;114.0,91.0,88.0,93.0,95.0,98.0,67.0,71.0,64.0,60.0,71.0,98.0,106.0,92.0,90.0,104.0,81.0,80.0,64.0,71.0,68.0,89.0,99.0,112.0,75.0;
103.0,111.0,86.0,97.0,102.0,89.0,66.0,79.0,67.0,58.0,77.0,92.0,91.0,104.0,100.0,113.0,82.0,75.0,57.0,73.0,68.0,106.0,104.0,102.0,130.0;104.0,94.0,91.0,89.0,101.0,111.0,74.0,73.0,72.0,71.0,60.0,87.0,103.0,86.0,114.0,87.0,66.0,83.0,76.0,85.0,82.0,92.0,85.0,91.0,41.0;102.0,94.0,96.0,111.0,88.0,88.0,83.0,61.0,74.0,70.0,60.0,91.0,114.0,91.0,91.0,110.0,58.0,82.0,62.0,80.0,65.0,111.0,87.0,87.0,97.0;99.0,95.0,94.0,110.0,103.0,92.0,69.0,83.0,64.0,78.0,85.0,96.0,93.0,113.0,112.0,112.0,73.0,79.0,64.0,60.0,85.0,107.0,114.0,92.0,154.0;97.0,98.0,112.0,114.0,101.0,94.0,71.0,82.0,73.0,64.0,77.0,114.0,105.0,114.0,104.0,89.0,81.0,64.0,64.0,78.0,67.0,112.0,106.0,100.0,17.0;111.0,111.0,93.0,88.0,108.0,113.0,68.0,62.0,56.0,76.0,57.0,88.0,107.0,85.0,97.0,96.0,64.0,85.0,60.0,76.0,75.0,86.0,106.0,90.0,80.0;101.0,103.0,90.0,111.0,99.0,94.0,58.0,85.0,56.0,76.0,80.0,100.0,110.0,112.0,86.0,109.0,58.0,59.0,58.0,67.0,66.0,88.0,100.0,89.0,120.0;110.0,97.0,92.0,95.0,90.0,93.0,81.0,64.0,67.0,79.0,64.0,111.0,114.0,96.0,114.0,89.0,71.0,58.0,84.0,78.0,71.0,98.0,96.0,95.0,182.0;108.0,87.0,114.0,85.0,99.0,109.0,77.0,65.0,75.0,72.0,63.0,102.0,111.0,105.0,92.0,88.0,63.0,58.0,76.0,57.0,61.0,90.0,112.0,85.0,26.0;
113.0,108.0,107.0,100.0,99.0,93.0,79.0,68.0,59.0,60.0,58.0,97.0,101.0,99.0,101.0,98.0,60.0,72.0,57.0,66.0,63.0,109.0,101.0,104.0,103.0;109.0,107.0,113.0,107.0,111.0,111.0,69.0,70.0,82.0,62.0,61.0,111.0,86.0,89.0,112.0,105.0,59.0,66.0,60.0,85.0,65.0,103.0,99.0,102.0,52.0;85.0,98.0,85.0,102.0,96.0,98.0,82.0,59.0,59.0,57.0,73.0,87.0,114.0,93.0,96.0,97.0,61.0,81.0,63.0,83.0,66.0,87.0,103.0,109.0,4.0;102.0,113.0,87.0,93.0,104.0,92.0,73.0,78.0,71.0,68.0,77.0,101.0,99.0,105.0,90.0,106.0,69.0,60.0,66.0,62.0,58.0,107.0,98.0,88.0,94.0;88.0,95.0,85.0,105.0,110.0,92.0,75.0,66.0,74.0,57.0,85.0,99.0,104.0,85.0,86.0,107.0,70.0,77.0,62.0,67.0,80.0,103.0,111.0,95.0,153.0;109.0,94.0,88.0,97.0,98.0,103.0,73.0,66.0,69.0,63.0,56.0,92.0,102.0,103.0,90.0,98.0,64.0,66.0,67.0,69.0,63.0,95.0,104.0,90.0,72.0;108.0,90.0,112.0,102.0,96.0,103.0,70.0,78.0,78.0,69.0,79.0,105.0,104.0,97.0,102.0,89.0,74.0,61.0,57.0,69.0,84.0,94.0,95.0,111.0,129.0;93.0,85.0,113.0,105.0,95.0,113.0,69.0,59.0,79.0,77.0,80.0,96.0,99.0,94.0,103.0,89.0,78.0,77.0,71.0,85.0,73.0,107.0,106.0,97.0,53.0;97.0,92.0,112.0,96.0,95.0,111.0,60.0,85.0,69.0,83.0,77.0,88.0,98.0,107.0,85.0,91.0,57.0,64.0,66.0,71.0,74.0,97.0,93.0,86.0,60.0;114.0,87.0,92.0,89.0,111.0,103.0,78.0,66.0,67.0,65.0,56.0,86.0,86.0,98.0,85.0,104.0,85.0,76.0,72.0,62.0,75.0,109.0,110.0,102.0,116.0;
