
95.0,102.0,90.0,114.0,101.0,107.0,66.0,74.0,83.0,61.0,66.0,94.0,106.0,96.0,92.0,108.0,72.0,79.0,59.0,64.0,75.0,103.0,85.0,105.0,68.0;
109.0,85.0,87.0,91.0,106.0,90.0,58.0,73.0,67.0,65.0,68.0,88.0,106.0,85.0,109.0,100.0,80.0,78.0,72.0,85.0,69.0,101.0,100.0,87.0,194.0;108.0,94.0,101.0,87.0,91.0,100.0,61.0,75.0,74.0,66.0,73.0,98.0,99.0,105.0,108.0,87.0,66.0,57.0,66.0,63.0,80.0,106.0,109.0,93.0,36.0;
106.0,86.0,113.0,105.0,95.0,109.0,70.0,84.0,70.0,75.0,76.0,90.0,86.0,113.0,86.0,106.0,64.0,58.0,71.0,67.0,77.0,87.0,85.0,105.0,38.0;111.0,92.0,97.0,114.0,107.0,92.0,61.0,68.0,79.0,69.0,58.0,105.0,97.0,109.0,100.0,111.0,67.0,58.0,62.0,67.0,75.0,109.0,104.0,92.0,173.0;108.0,109.0,105.0,112.0,85.0,88.0,76.0,70.0,59.0,80.0,64.0,107.0,113.0,108.0,105.0,98.0,68.0,78.0,58.0,79.0,61.0,100.0,109.0,85.0,64.0;
101.0,99.0,91.0,94.0,113.0,105.0,81.0,76.0,80.0,70.0,69.0,105.0,97.0,104.0,113.0,88.0,79.0,67.0,68.0,69.0,76.0,111.0,106.0,112.0,6.0;94.0,104.0,87.0,99.0,92.0,85.0,71.0,74.0,69.0,67.0,84.0,109.0,95.0,91.0,105.0,104.0,73.0,72.0,85.0,79.0,62.0,101.0,113.0,110.0,166.0;100.0,89.0,113.0,108.0,99.0,105.0,70.0,58.0,58.0,72.0,70.0,87.0,106.0,89.0,87.0,108.0,83.0,75.0,76.0,67.0,67.0,101.0,108.0,89.0,115.0;106.0,98.0,105.0,87.0,112.0,92.0,65.0,65.0,69.0,76.0,74.0,93.0,88.0,85.0,86.0,108.0,68.0,83.0,71.0,60.0,85.0,99.0,103.0,114.0,178.0;
109.0,95.0,106.0,90.0,95.0,86.0,57.0,61.0,75.0,77.0,73.0,95.0,103.0,96.0,86.0,112.0,80.0,79.0,68.0,63.0,61.0,100.0,89.0,111.0,166.0;88.0,103.0,86.0,90.0,91.0,93.0,62.0,70.0,61.0,84.0,77.0,99.0,98.0,113.0,94.0,87.0,76.0,85.0,82.0,56.0,64.0,99.0,97.0,106.0,103.0;109.0,112.0,96.0,87.0,93.0,102.0,72.0,56.0,61.0,57.0,66.0,87.0,105.0,98.0,95.0,89.0,82.0,64.0,68.0,84.0,62.0,94.0,111.0,100.0,173.0;98.0,102.0,110.0,112.0,88.0,94.0,84.0,67.0,76.0,73.0,59.0,93.0,105.0,107.0,86.0,105.0,84.0,82.0,56.0,66.0,70.0,102.0,102.0,90.0,7.0;92.0,103.0,86.0,97.0,104.0,108.0,76.0,83.0,74.0,71.0,57.0,89.0,104.0,97.0,100.0,102.0,72.0,74.0,63.0,80.0,57.0,99.0,86.0,106.0,41.0;
100.0,93.0,107.0,101.0,88.0,96.0,72.0,56.0,74.0,68.0,60.0,106.0,99.0,98.0,87.0,91.0,66.0,61.0,64.0,65.0,83.0,96.0,89.0,113.0,106.0;107.0,97.0,90.0,86.0,112.0,114.0,57.0,85.0,62.0,75.0,70.0,95.0,99.0,91.0,106.0,100.0,57.0,80.0,81.0,59.0,74.0,92.0,89.0,93.0,55.0;114.0,87.0,91.0,114.0,98.0,102.0,81.0,69.0,81.0,74.0,70.0,113.0,101.0,108.0,92.0,88.0,66.0,64.0,56.0,57.0,74.0,114.0,85.0,85.0,128.0;93.0,89.0,102.0,109.0,106.0,98.0,58.0,82.0,75.0,65.0,73.0,103.0,105.0,114.0,111.0,91.0,73.0,60.0,56.0,62.0,83.0,100.0,97.0,99.0,128.0;100.0,105.0,112.0,103.0,91.0,98.0,59.0,84.0,56.0,73.0,70.0,111.0,98.0,110.0,86.0,87.0,82.0,76.0,83.0,57.0,63.0,105.0,103.0,88.0,196.0;103.0,112.0,106.0,87.0,102.0,95.0,65.0,77.0,85.0,61.0,77.0,112.0,107.0,95.0,99.0,108.0,64.0,82.0,64.0,69.0,82.0,107.0,95.0,94.0,87.0;
113.0,113.0,104.0,98.0,111.0,109.0,67.0,78.0,72.0,68.0,62.0,101.0,91.0,96.0,97.0,90.0,75.0,71.0,56.0,56.0,58.0,90.0,105.0,86.0,37.0;106.0,104.0,104.0,96.0,114.0,112.0,79.0,70.0,76.0,67.0,74.0,110.0,101.0,113.0,95.0,99.0,61.0,69.0,60.0,59.0,79.0,85.0,111.0,99.0,160.0;101.0,95.0,97.0,104.0,86.0,88.0,69.0,58.0,60.0,76.0,61.0,109.0,98.0,91.0,112.0,108.0,64.0,80.0,70.0,65.0,57.0,95.0,86.0,89.0,104.0;111.0,114.0,109.0,86.0,90.0,94.0,75.0,79.0,64.0,63.0,79.0,113.0,113.0,94.0,90.0,101.0,57.0,66.0,77.0,84.0,66.0,108.0,92.0,110.0,161.0;103.0,96.0,109.0,97.0,96.0,85.0,74.0,78.0,70.0,70.0,75.0,102.0,96.0,86.0,91.0,103.0,84.0,82.0,63.0,58.0,81.0,110.0,102.0,97.0,44.0;112.0,91.0,97.0,111.0,95.0,92.0,82.0,62.0,58.0,65.0,74.0,103.0,110.0,106.0,104.0,99.0,75.0,75.0,58.0,81.0,75.0,114.0,87.0,106.0,85.0;107.0,112.0,107.0,108.0,104.0,91.0,57.0,75.0,71.0,74.0,61.0,99.0,100.0,92.0,102.0,112.0,79.0,79.0,79.0,59.0,84.0,94.0,105.0,106.0,60.0;
99.0,86.0,101.0,96.0,96.0,111.0,78.0,78.0,57.0,75.0,71.0,86.0,103.0,107.0,110.0,88.0,57.0,57.0,81.0,72.0,58.0,102.0,101.0,97.0,131.0;91.0,111.0,85.0,86.0,99.0,92.0,70.0,74.0,84.0,67.0,72.0,93.0,96.0,90.0,103.0,95.0,72.0,66.0,85.0,84.0,76.0,113.0,90.0,85.0,191.0;111.0,87.0,108.0,85.0,107.0,86.0,59.0,85.0,85.0,58.0,81.0,97.0,85.0,107.0,103.0,114.0,70.0,74.0,65.0,80.0,69.0,85.0,91.0,95.0,126.0;93.0,112.0,99.0,93.0,103.0,87.0,60.0,73.0,64.0,68.0,61.0,100.0,88.0,109.0,96.0,89.0,85.0,66.0,71.0,79.0,56.0,98.0,100.0,112.0,190.0;111.0,105.0,92.0,97.0,114.0,91.0,68.0,72.0,70.0,79.0,82.0,97.0,103.0,106.0,104.0,112.0,79.0,81.0,85.0,80.0,77.0,95.0,88.0,108.0,90.0;110.0,88.0,101.0,92.0,104.0,110.0,74.0,72.0,71.0,56.0,57.0,96.0,100.0,108.0,102.0,111.0,83.0,76.0,62.0,80.0,69.0,94.0,110.0,104.0,185.0;109.0,114.0,108.0,109.0,104.0,112.0,59.0,65.0,66.0,59.0,82.0,102.0,114.0,89.0,98.0,91.0,79.0,79.0,81.0,72.0,84.0,98.0,113.0,109.0,185.0;95.0,97.0,93.0,101.0,94.0,98.0,78.0,78.0,73.0,83.0,59.0,100.0,85.0,99.0,107.0,104.0,60.0,57.0,80.0,74.0,60.0,100.0,91.0,95.0,132.0;
114.0,96.0,104.0,102.0,98.0,113.0,72.0,59.0,76.0,79.0,56.0,114.0,101.0,111.0,101.0,86.0,61.0,81.0,72.0,69.0,56.0,85.0,105.0,103.0,43.0;106.0,94.0,91.0,106.0,100.0,106.0,72.0,84.0,65.0,79.0,57.0,92.0,108.0,104.0,102.0,106.0,60.0,61.0,58.0,80.0,75.0,97.0,92.0,102.0,181.0;89.0,112.0,88.0,87.0,90.0,97.0,77.0,85.0,75.0,76.0,56.0,114.0,100.0,87.0,101.0,94.0,62.0,71.0,60.0,63.0,71.0,105.0,94.0,96.0,71.0;90.0,112.0,87.0,87.0,109.0,88.0,68.0,80.0,72.0,64.0,56.0,112.0,89.0,113.0,90.0,109.0,75.0,68.0,68.0,64.0,74.0,90.0,104.0,93.0,29.0;114.0,111.0,100.0,90.0,112.0,91.0,64.0,65.0,58.0,72.0,60.0,103.0,112.0,98.0,91.0,101.0,84.0,80.0,56.0,71.0,63.0,95.0,94.0,114.0,158.0;106.0,109.0,98.0,94.0,88.0,90.0,63.0,73.0,63.0,76.0,57.0,88.0,111.0,108.0,100.0,89.0,61.0,66.0,75.0,73.0,63.0,101.0,107.0,113.0,154.0;96.0,99.0,89.0,91.0,85.0,92.0,60.0,73.0,73.0,78.0,81.0,99.0,102.0,91.0,103.0,111.0,59.0,67.0,62.0,71.0,83.0,112.0,95.0,97.0,34.0;91.0,99.0,86.0,103.0,102.0,88.0,71.0,84.0,83.0,63.0,72.0,98.0,97.0,114.0,109.0,102.0,59.0,78.0,64.0,77.0,63.0,100.0,86.0,104.0,22.0;90.0,103.0,85.0,86.0,100.0,105.0,57.0,77.0,85.0,66.0,72.0,104.0,97.0,86.0,85.0,102.0,79.0,71.0,74.0,71.0,62.0,101.0,101.0,85.0,36.0;
96.0,111.0,92.0,113.0,91.0,102.0,83.0,56.0,76.0,57.0,78.0,104.0,94.0,87.0,88.0,90.0,60.0,75.0,71.0,66.0,64.0,113.0,108.0,107.0,103.0;102.0,110.0,113.0,108.0,104.0,113.0,83.0,71.0,61.0,62.0,61.0,112.0,109.0,103.0,94.0,114.0,69.0,68.0,57.0,76.0,78.0,99.0,91.0,85.0,59.0;111.0,105.0,111.0,98.0,108.0,94.0,72.0,64.0,66.0,57.0,75.0,98.0,108.0,113.0,95.0,96.0,80.0,58.0,76.0,69.0,64.0,100.0,100.0,114.0,124.0;113.0,86.0,108.0,90.0,114.0,111.0,70.0,62.0,76.0,82.0,57.0,88.0,113.0,108.0,91.0,108.0,63.0,75.0,69.0,67.0,63.0,85.0,99.0,89.0,9.0;99.0,112.0,94.0,94.0,90.0,102.0,81.0,59.0,79.0,69.0,83.0,93.0,98.0,108.0,90.0,107.0,66.0,61.0,67.0,84.0,74.0,109.0,98.0,89.0,135.0;111.0,89.0,100.0,97.0,91.0,101.0,81.0,83.0,70.0,73.0,66.0,89.0,112.0,101.0,113.0,112.0,85.0,67.0,83.0,75.0,71.0,110.0,104.0,86.0,145.0;91.0,93.0,88.0,89.0,87.0,106.0,75.0,64.0,71.0,59.0,78.0,86.0,91.0,97.0,92.0,93.0,61.0,56.0,81.0,67.0,68.0,114.0,105.0,96.0,27.0;103.0,107.0,94.0,90.0,102.0,94.0,66.0,58.0,61.0,60.0,60.0,87.0,101.0,107.0,105.0,90.0,71.0,82.0,81.0,80.0,65.0,88.0,108.0,100.0,124.0;94.0,96.0,104.0,98.0,95.0,98.0,60.0,56.0,72.0,71.0,73.0,104.0,91.0,86.0,85.0,87.0,60.0,58.0,77.0,61.0,60.0,85.0,92.0,110.0,161.0;97.0,98.0,109.0,112.0,101.0,114.0,78.0,82.0,77.0,66.0,69.0,109.0,92.0,102.0,85.0,112.0,83.0,79.0,61.0,81.0,74.0,107.0,93.0,105.0,12.0;
