
108.0,109.0,106.0,111.0,94.0,94.0,61.0,80.0,72.0,84.0,62.0,100.0,111.0,98.0,106.0,114.0,72.0,68.0,85.0,77.0,76.0,94.0,94.0,100.0,192.0;
110.0,100.0,93.0,102.0,90.0,97.0,72.0,73.0,56.0,67.0,60.0,90.0,114.0,89.0,91.0,89.0,62.0,62.0,82.0,61.0,80.0,107.0,85.0,99.0,130.0;93.0,104.0,103.0,102.0,93.0,87.0,85.0,85.0,58.0,69.0,75.0,101.0,96.0,98.0,89.0,103.0,71.0,77.0,67.0,61.0,76.0,96.0,108.0,100.0,171.0;
110.0,100.0,113.0,111.0,99.0,102.0,82.0,69.0,58.0,59.0,71.0,106.0,110.0,109.0,111.0,105.0,72.0,85.0,83.0,58.0,65.0,99.0,110.0,106.0,110.0;89.0,90.0,89.0,104.0,104.0,94.0,74.0,60.0,76.0,74.0,67.0,109.0,103.0,96.0,107.0,105.0,61.0,73.0,80.0,68.0,65.0,104.0,89.0,94.0,31.0;97.0,97.0,86.0,86.0,105.0,85.0,65.0,56.0,66.0,74.0,59.0,97.0,91.0,114.0,85.0,93.0,59.0,69.0,62.0,81.0,84.0,93.0,112.0,102.0,2.0;
88.0,85.0,113.0,112.0,87.0,111.0,68.0,71.0,77.0,71.0,74.0,97.0,105.0,103.0,97.0,107.0,72.0,62.0,80.0,65.0,79.0,105.0,87.0,91.0,4.0;103.0,97.0,108.0,95.0,94.0,103.0,59.0,85.0,82.0,80.0,73.0,103.0,101.0,98.0,111.0,107.0,75.0,59.0,58.0,58.0,66.0,110.0,88.0,86.0,10.0;104.0,87.0,93.0,102.0,90.0,111.0,77.0,58.0,82.0,68.0,62.0,90.0,93.0,106.0,106.0,102.0,69.0,61.0,73.0,57.0,62.0,92.0,93.0,88.0,5.0;87.0,94.0,100.0,86.0,91.0,96.0,57.0,66.0,74.0,72.0,69.0,92.0,107.0,112.0,112.0,91.0,84.0,74.0,83.0,69.0,73.0,95.0,88.0,96.0,110.0;
101.0,89.0,100.0,113.0,99.0,87.0,63.0,80.0,60.0,63.0,67.0,107.0,102.0,101.0,93.0,103.0,67.0,78.0,77.0,71.0,64.0,86.0,89.0,110.0,192.0;93.0,106.0,90.0,87.0,93.0,88.0,61.0,84.0,61.0,57.0,73.0,85.0,101.0,108.0,97.0,108.0,65.0,61.0,79.0,73.0,57.0,110.0,90.0,105.0,179.0;114.0,103.0,114.0,91.0,85.0,113.0,65.0,70.0,69.0,80.0,57.0,99.0,93.0,93.0,92.0,107.0,76.0,73.0,67.0,68.0,82.0,95.0,108.0,90.0,138.0;96.0,90.0,96.0,103.0,85.0,87.0,68.0,60.0,69.0,56.0,78.0,91.0,103.0,103.0,112.0,96.0,69.0,56.0,57.0,65.0,73.0,101.0,112.0,100.0,14.0;102.0,103.0,85.0,97.0,109.0,106.0,79.0,80.0,69.0,85.0,74.0,105.0,86.0,110.0,109.0,90.0,80.0,64.0,72.0,57.0,69.0,106.0,107.0,104.0,36.0;
101.0,92.0,106.0,107.0,112.0,95.0,85.0,84.0,78.0,82.0,83.0,110.0,89.0,111.0,111.0,113.0,57.0,70.0,68.0,71.0,66.0,110.0,95.0,85.0,142.0;106.0,94.0,108.0,103.0,95.0,97.0,77.0,76.0,73.0,78.0,64.0,104.0,107.0,96.0,101.0,91.0,69.0,78.0,71.0,70.0,56.0,99.0,86.0,102.0,45.0;108.0,102.0,114.0,114.0,96.0,113.0,84.0,56.0,81.0,77.0,62.0,102.0,107.0,90.0,105.0,86.0,72.0,79.0,68.0,73.0,57.0,85.0,99.0,97.0,127.0;97.0,113.0,99.0,108.0,103.0,107.0,56.0,66.0,73.0,79.0,76.0,94.0,89.0,111.0,107.0,94.0,58.0,66.0,66.0,61.0,82.0,90.0,107.0,106.0,6.0;105.0,111.0,85.0,88.0,107.0,86.0,77.0,66.0,62.0,71.0,61.0,114.0,96.0,108.0,87.0,105.0,71.0,80.0,78.0,84.0,75.0,95.0,89.0,111.0,155.0;92.0,111.0,101.0,88.0,99.0,98.0,85.0,70.0,80.0,61.0,58.0,102.0,111.0,92.0,95.0,106.0,74.0,58.0,72.0,74.0,62.0,108.0,109.0,88.0,178.0;
96.0,97.0,106.0,99.0,114.0,95.0,74.0,66.0,60.0,59.0,72.0,102.0,106.0,93.0,112.0,99.0,59.0,64.0,75.0,78.0,57.0,92.0,114.0,94.0,181.0;85.0,87.0,94.0,87.0,103.0,105.0,57.0,84.0,58.0,81.0,66.0,98.0,92.0,89.0,99.0,91.0,63.0,68.0,84.0,57.0,81.0,86.0,98.0,100.0,170.0;96.0,90.0,88.0,104.0,109.0,96.0,59.0,80.0,56.0,80.0,66.0,110.0,87.0,100.0,113.0,113.0,83.0,75.0,65.0,56.0,66.0,85.0,110.0,111.0,104.0;104.0,106.0,94.0,102.0,96.0,95.0,85.0,68.0,56.0,70.0,82.0,90.0,91.0,98.0,105.0,96.0,81.0,70.0,77.0,66.0,76.0,87.0,107.0,111.0,179.0;91.0,110.0,89.0,87.0,88.0,113.0,82.0,82.0,82.0,85.0,57.0,89.0,92.0,87.0,96.0,111.0,75.0,59.0,80.0,56.0,80.0,105.0,97.0,99.0,77.0;106.0,100.0,107.0,97.0,109.0,107.0,81.0,83.0,79.0,76.0,84.0,91.0,96.0,109.0,108.0,88.0,66.0,61.0,73.0,80.0,79.0,107.0,114.0,106.0,146.0;87.0,96.0,92.0,95.0,90.0,92.0,83.0,77.0,65.0,72.0,75.0,104.0,110.0,108.0,111.0,99.0,85.0,85.0,73.0,58.0,65.0,108.0,97.0,107.0,158.0;
90.0,88.0,87.0,95.0,85.0,100.0,69.0,83.0,56.0,69.0,73.0,86.0,109.0,97.0,106.0,106.0,64.0,56.0,76.0,65.0,60.0,95.0,106.0,91.0,89.0;85.0,95.0,89.0,90.0,88.0,97.0,67.0,61.0,58.0,73.0,69.0,91.0,90.0,87.0,105.0,92.0,66.0,84.0,76.0,84.0,66.0,96.0,93.0,106.0,200.0;92.0,106.0,86.0,85.0,89.0,92.0,75.0,80.0,85.0,80.0,84.0,99.0,101.0,88.0,103.0,111.0,74.0,83.0,67.0,78.0,64.0,113.0,94.0,85.0,176.0;97.0,92.0,107.0,88.0,85.0,114.0,85.0,65.0,71.0,70.0,63.0,108.0,105.0,89.0,96.0,111.0,75.0,78.0,71.0,67.0,76.0,107.0,103.0,109.0,129.0;90.0,94.0,85.0,108.0,102.0,110.0,70.0,70.0,60.0,57.0,83.0,90.0,98.0,98.0,94.0,111.0,85.0,77.0,74.0,82.0,79.0,90.0,104.0,96.0,125.0;86.0,96.0,112.0,90.0,114.0,91.0,68.0,83.0,71.0,78.0,56.0,114.0,108.0,109.0,85.0,103.0,70.0,56.0,63.0,82.0,82.0,103.0,96.0,95.0,171.0;113.0,89.0,106.0,94.0,96.0,103.0,85.0,57.0,80.0,68.0,83.0,104.0,99.0,104.0,96.0,92.0,62.0,65.0,79.0,71.0,76.0,108.0,112.0,110.0,89.0;95.0,92.0,103.0,95.0,96.0,99.0,79.0,78.0,71.0,76.0,81.0,107.0,101.0,85.0,98.0,105.0,60.0,62.0,81.0,63.0,72.0,104.0,100.0,114.0,134.0;
94.0,110.0,100.0,90.0,97.0,92.0,68.0,59.0,79.0,84.0,63.0,89.0,95.0,105.0,100.0,111.0,72.0,70.0,77.0,84.0,74.0,89.0,95.0,95.0,103.0;103.0,101.0,100.0,99.0,90.0,96.0,73.0,69.0,84.0,59.0,60.0,98.0,93.0,108.0,91.0,106.0,75.0,62.0,70.0,76.0,72.0,112.0,114.0,101.0,179.0;107.0,104.0,96.0,88.0,90.0,92.0,72.0,65.0,57.0,67.0,72.0,99.0,86.0,91.0,98.0,109.0,79.0,73.0,83.0,74.0,84.0,99.0,89.0,94.0,169.0;105.0,97.0,93.0,98.0,103.0,95.0,78.0,70.0,85.0,72.0,82.0,92.0,92.0,108.0,95.0,106.0,73.0,69.0,67.0,67.0,71.0,86.0,105.0,96.0,132.0;96.0,85.0,86.0,102.0,96.0,106.0,69.0,76.0,73.0,70.0,70.0,95.0,96.0,93.0,86.0,106.0,79.0,77.0,59.0,85.0,69.0,101.0,88.0,95.0,17.0;107.0,96.0,87.0,102.0,93.0,104.0,62.0,57.0,64.0,72.0,78.0,110.0,110.0,110.0,90.0,89.0,77.0,57.0,59.0,61.0,66.0,108.0,94.0,102.0,158.0;88.0,101.0,90.0,97.0,104.0,110.0,79.0,78.0,69.0,67.0,70.0,92.0,94.0,97.0,91.0,109.0,72.0,79.0,79.0,63.0,85.0,96.0,86.0,92.0,124.0;90.0,106.0,97.0,110.0,112.0,89.0,70.0,64.0,66.0,58.0,80.0,98.0,114.0,106.0,100.0,86.0,61.0,76.0,67.0,60.0,65.0,101.0,104.0,96.0,125.0;109.0,91.0,110.0,112.0,88.0,87.0,82.0,82.0,63.0,68.0,59.0,93.0,110.0,94.0,108.0,111.0,70.0,85.0,78.0,64.0,71.0,90.0,96.0,109.0,130.0;
97.0,109.0,106.0,111.0,90.0,102.0,66.0,62.0,63.0,60.0,62.0,94.0,102.0,88.0,88.0,109.0,71.0,77.0,83.0,73.0,63.0,103.0,112.0,89.0,5.0;85.0,112.0,108.0,87.0,97.0,94.0,74.0,74.0,84.0,67.0,81.0,88.0,107.0,101.0,114.0,112.0,61.0,82.0,79.0,71.0,56.0,94.0,103.0,89.0,128.0;100.0,105.0,113.0,95.0,114.0,87.0,62.0,83.0,67.0,63.0,56.0,100.0,100.0,110.0,90.0,88.0,67.0,62.0,70.0,67.0,60.0,113.0,90.0,105.0,46.0;86.0,101.0,113.0,106.0,87.0,97.0,69.0,82.0,65.0,73.0,58.0,92.0,94.0,86.0,90.0,88.0,74.0,85.0,62.0,83.0,79.0,105.0,104.0,85.0,59.0;106.0,97.0,109.0,106.0,109.0,95.0,70.0,65.0,57.0,69.0,63.0,113.0,107.0,87.0,109.0,108.0,66.0,56.0,78.0,65.0,73.0,106.0,98.0,98.0,134.0;103.0,112.0,106.0,86.0,88.0,104.0,60.0,72.0,61.0,65.0,64.0,100.0,92.0,113.0,103.0,104.0,58.0,65.0,56.0,56.0,70.0,109.0,90.0,112.0,69.0;93.0,88.0,105.0,114.0,90.0,104.0,70.0,58.0,56.0,67.0,84.0,111.0,85.0,113.0,108.0,102.0,84.0,57.0,56.0,77.0,60.0,113.0,97.0,111.0,146.0;106.0,94.0,85.0,102.0,85.0,95.0,64.0,69.0,59.0,83.0,83.0,94.0,85.0,94.0,88.0,91.0,57.0,85.0,73.0,71.0,66.0,98.0,107.0,90.0,199.0;98.0,103.0,110.0,91.0,102.0,102.0,84.0,58.0,72.0,71.0,83.0,114.0,106.0,86.0,99.0,103.0,62.0,65.0,59.0,69.0,73.0,105.0,87.0,90.0,126.0;103.0,91.0,95.0,110.0,91.0,114.0,67.0,58.0,56.0,82.0,59.0,85.0,105.0,88.0,96.0,109.0,80.0,81.0,56.0,75.0,64.0,110.0,99.0,87.0,141.0;
