
105.0,109.0,97.0,97.0,114.0,85.0,58.0,76.0,78.0,83.0,78.0,85.0,105.0,86.0,97.0,85.0,63.0,69.0,69.0,64.0,59.0,103.0,107.0,91.0,107.0;
100.0,91.0,94.0,108.0,88.0,95.0,66.0,81.0,59.0,74.0,58.0,113.0,89.0,94.0,109.0,94.0,56.0,85.0,81.0,75.0,58.0,89.0,88.0,96.0,115.0;86.0,100.0,97.0,104.0,95.0,91.0,81.0,59.0,79.0,80.0,78.0,86.0,88.0,108.0,85.0,111.0,66.0,71.0,73.0,71.0,76.0,112.0,100.0,99.0,63.0;
111.0,88.0,113.0,106.0,96.0,86.0,68.0,66.0,75.0,60.0,74.0,104.0,96.0,95.0,106.0,113.0,82.0,74.0,62.0,71.0,70.0,90.0,96.0,95.0,113.0;87.0,111.0,88.0,104.0,108.0,95.0,61.0,72.0,56.0,58.0,81.0,88.0,101.0,96.0,94.0,109.0,63.0,57.0,67.0,84.0,83.0,89.0,107.0,99.0,30.0;86.0,105.0,88.0,101.0,89.0,91.0,65.0,80.0,77.0,57.0,73.0,92.0,101.0,90.0,107.0,114.0,69.0,56.0,57.0,76.0,57.0,93.0,102.0,100.0,4.0;
88.0,102.0,99.0,102.0,104.0,92.0,69.0,72.0,68.0,66.0,74.0,104.0,99.0,107.0,94.0,94.0,58.0,76.0,75.0,63.0,59.0,92.0,114.0,105.0,167.0;92.0,109.0,102.0,112.0,93.0,89.0,80.0,77.0,83.0,76.0,74.0,109.0,112.0,113.0,87.0,109.0,75.0,56.0,66.0,63.0,64.0,111.0,94.0,94.0,9.0;85.0,95.0,95.0,94.0,110.0,89.0,71.0,84.0,84.0,77.0,56.0,97.0,104.0,111.0,86.0,96.0,85.0,77.0,71.0,82.0,74.0,104.0,112.0,85.0,74.0;101.0,100.0,103.0,98.0,114.0,97.0,59.0,61.0,60.0,79.0,58.0,89.0,111.0,106.0,102.0,95.0,78.0,69.0,82.0,76.0,62.0,95.0,113.0,114.0,33.0;
94.0,99.0,100.0,98.0,100.0,102.0,56.0,70.0,59.0,67.0,67.0,104.0,90.0,85.0,108.0,88.0,61.0,75.0,73.0,65.0,74.0,105.0,97.0,90.0,133.0;91.0,90.0,114.0,105.0,88.0,87.0,72.0,70.0,62.0,70.0,68.0,99.0,97.0,100.0,112.0,114.0,67.0,64.0,79.0,62.0,79.0,94.0,112.0,85.0,196.0;107.0,103.0,110.0,91.0,97.0,112.0,79.0,78.0,58.0,75.0,72.0,105.0,110.0,100.0,97.0,86.0,79.0,77.0,79.0,64.0,62.0,101.0,88.0,99.0,60.0;86.0,106.0,114.0,95.0,106.0,85.0,68.0,74.0,61.0,69.0,68.0,98.0,89.0,106.0,100.0,107.0,76.0,74.0,65.0,62.0,60.0,96.0,94.0,111.0,137.0;94.0,88.0,110.0,95.0,107.0,91.0,61.0,62.0,66.0,84.0,85.0,93.0,109.0,89.0,86.0,105.0,69.0,59.0,69.0,70.0,74.0,88.0,113.0,105.0,38.0;
114.0,95.0,88.0,104.0,110.0,87.0,80.0,65.0,60.0,82.0,83.0,106.0,98.0,106.0,92.0,97.0,65.0,67.0,76.0,70.0,78.0,104.0,92.0,86.0,174.0;92.0,103.0,102.0,114.0,101.0,85.0,75.0,79.0,56.0,60.0,77.0,88.0,88.0,103.0,88.0,98.0,78.0,63.0,82.0,60.0,60.0,96.0,87.0,104.0,20.0;99.0,100.0,105.0,94.0,91.0,108.0,64.0,56.0,59.0,59.0,63.0,106.0,97.0,94.0,99.0,90.0,77.0,85.0,81.0,63.0,74.0,92.0,111.0,101.0,89.0;92.0,103.0,105.0,100.0,101.0,95.0,75.0,76.0,73.0,66.0,57.0,101.0,102.0,93.0,99.0,106.0,67.0,82.0,79.0,71.0,78.0,107.0,104.0,85.0,49.0;87.0,86.0,85.0,96.0,110.0,102.0,69.0,72.0,57.0,65.0,60.0,113.0,108.0,109.0,99.0,94.0,78.0,66.0,57.0,66.0,59.0,90.0,96.0,112.0,167.0;105.0,91.0,96.0,99.0,93.0,106.0,73.0,59.0,73.0,62.0,81.0,112.0,89.0,109.0,101.0,96.0,78.0,66.0,57.0,81.0,75.0,87.0,101.0,105.0,13.0;
108.0,107.0,103.0,86.0,89.0,100.0,67.0,70.0,75.0,79.0,59.0,103.0,94.0,111.0,109.0,98.0,67.0,84.0,62.0,72.0,57.0,100.0,97.0,87.0,169.0;85.0,104.0,94.0,99.0,105.0,104.0,67.0,76.0,65.0,56.0,73.0,105.0,114.0,86.0,113.0,106.0,62.0,59.0,69.0,80.0,67.0,89.0,98.0,99.0,193.0;97.0,88.0,104.0,99.0,97.0,85.0,63.0,57.0,85.0,62.0,58.0,103.0,85.0,107.0,99.0,98.0,77.0,83.0,56.0,85.0,61.0,113.0,112.0,111.0,25.0;92.0,107.0,110.0,89.0,100.0,112.0,67.0,79.0,61.0,71.0,64.0,99.0,108.0,100.0,90.0,99.0,56.0,74.0,83.0,63.0,64.0,85.0,98.0,91.0,183.0;87.0,109.0,98.0,105.0,94.0,107.0,83.0,74.0,67.0,83.0,73.0,104.0,85.0,105.0,95.0,103.0,79.0,79.0,76.0,72.0,61.0,89.0,86.0,94.0,129.0;105.0,101.0,110.0,98.0,104.0,89.0,59.0,56.0,65.0,76.0,57.0,96.0,87.0,97.0,110.0,92.0,73.0,83.0,60.0,63.0,63.0,101.0,93.0,96.0,98.0;101.0,89.0,114.0,99.0,113.0,114.0,75.0,74.0,60.0,78.0,58.0,85.0,100.0,95.0,100.0,100.0,60.0,58.0,59.0,66.0,65.0,86.0,103.0,86.0,26.0;
105.0,95.0,99.0,102.0,86.0,100.0,78.0,69.0,75.0,67.0,70.0,87.0,97.0,93.0,90.0,85.0,75.0,71.0,56.0,61.0,59.0,90.0,99.0,100.0,38.0;90.0,95.0,94.0,105.0,85.0,85.0,76.0,59.0,72.0,69.0,79.0,91.0,102.0,90.0,110.0,98.0,74.0,70.0,58.0,56.0,80.0,99.0,103.0,104.0,189.0;110.0,102.0,94.0,96.0,87.0,95.0,57.0,61.0,80.0,71.0,75.0,104.0,103.0,97.0,88.0,111.0,79.0,77.0,72.0,68.0,81.0,110.0,94.0,92.0,193.0;85.0,93.0,85.0,108.0,101.0,110.0,62.0,76.0,70.0,80.0,80.0,99.0,89.0,91.0,88.0,96.0,72.0,73.0,73.0,85.0,62.0,111.0,110.0,92.0,182.0;96.0,98.0,98.0,112.0,99.0,98.0,79.0,62.0,82.0,77.0,73.0,88.0,99.0,89.0,113.0,110.0,76.0,62.0,68.0,82.0,82.0,93.0,87.0,103.0,11.0;107.0,90.0,93.0,98.0,106.0,88.0,85.0,69.0,77.0,73.0,62.0,92.0,90.0,114.0,96.0,103.0,70.0,59.0,57.0,63.0,60.0,102.0,90.0,107.0,170.0;114.0,112.0,102.0,90.0,99.0,111.0,61.0,62.0,84.0,81.0,63.0,111.0,102.0,113.0,93.0,86.0,72.0,58.0,56.0,69.0,85.0,114.0,90.0,85.0,12.0;104.0,91.0,110.0,91.0,96.0,89.0,64.0,67.0,72.0,59.0,79.0,98.0,110.0,87.0,85.0,87.0,77.0,80.0,61.0,81.0,74.0,112.0,109.0,112.0,45.0;
89.0,91.0,113.0,100.0,99.0,106.0,77.0,56.0,82.0,77.0,59.0,85.0,85.0,94.0,104.0,107.0,82.0,76.0,63.0,56.0,74.0,110.0,109.0,104.0,120.0;105.0,98.0,105.0,104.0,111.0,114.0,68.0,83.0,73.0,84.0,66.0,101.0,107.0,102.0,89.0,89.0,65.0,67.0,58.0,66.0,71.0,87.0,113.0,99.0,108.0;90.0,105.0,88.0,94.0,95.0,108.0,62.0,70.0,77.0,79.0,76.0,89.0,85.0,110.0,102.0,110.0,81.0,58.0,75.0,57.0,85.0,98.0,102.0,106.0,49.0;108.0,90.0,95.0,103.0,106.0,92.0,67.0,70.0,80.0,76.0,62.0,92.0,113.0,94.0,114.0,92.0,61.0,71.0,61.0,66.0,77.0,92.0,105.0,99.0,100.0;92.0,92.0,112.0,107.0,111.0,102.0,84.0,67.0,66.0,67.0,74.0,102.0,102.0,109.0,89.0,95.0,81.0,66.0,68.0,64.0,69.0,95.0,106.0,111.0,153.0;111.0,90.0,85.0,96.0,86.0,110.0,57.0,73.0,66.0,83.0,71.0,100.0,90.0,105.0,105.0,89.0,72.0,81.0,56.0,62.0,59.0,97.0,107.0,104.0,157.0;97.0,110.0,98.0,93.0,94.0,95.0,62.0,76.0,76.0,56.0,76.0,93.0,111.0,90.0,96.0,95.0,72.0,61.0,70.0,74.0,81.0,109.0,98.0,103.0,91.0;89.0,95.0,113.0,105.0,112.0,105.0,60.0,59.0,61.0,60.0,56.0,92.0,85.0,114.0,99.0,92.0,79.0,81.0,78.0,57.0,74.0,104.0,104.0,97.0,91.0;88.0,85.0,105.0,88.0,97.0,94.0,77.0,85.0,74.0,85.0,73.0,86.0,92.0,91.0,87.0,97.0,59.0,71.0,65.0,74.0,69.0,113.0,96.0,95.0,30.0;
111.0,86.0,113.0,92.0,114.0,87.0,79.0,56.0,62.0,61.0,63.0,92.0,106.0,90.0,87.0,98.0,63.0,61.0,61.0,56.0,63.0,105.0,108.0,87.0,60.0;94.0,89.0,104.0,87.0,98.0,113.0,81.0,58.0,72.0,57.0,78.0,107.0,104.0,92.0,98.0,85.0,84.0,63.0,73.0,67.0,76.0,89.0,113.0,112.0,94.0;103.0,103.0,101.0,92.0,109.0,108.0,83.0,85.0,73.0,64.0,60.0,103.0,104.0,109.0,112.0,94.0,73.0,83.0,56.0,62.0,66.0,90.0,95.0,108.0,67.0;101.0,85.0,105.0,104.0,90.0,114.0,56.0,69.0,58.0,79.0,76.0,113.0,92.0,112.0,103.0,86.0,75.0,60.0,65.0,58.0,67.0,104.0,105.0,85.0,13.0;109.0,110.0,86.0,91.0,96.0,111.0,70.0,66.0,64.0,79.0,76.0,103.0,102.0,104.0,93.0,85.0,80.0,69.0,73.0,73.0,69.0,112.0,90.0,111.0,192.0;87.0,99.0,99.0,100.0,106.0,110.0,56.0,82.0,69.0,60.0,71.0,106.0,100.0,98.0,102.0,95.0,77.0,62.0,59.0,64.0,84.0,102.0,101.0,111.0,68.0;99.0,92.0,85.0,86.0,111.0,108.0,77.0,67.0,56.0,73.0,64.0,85.0,101.0,99.0,113.0,112.0,71.0,57.0,84.0,62.0,69.0,110.0,96.0,103.0,169.0;86.0,109.0,112.0,109.0,89.0,107.0,80.0,76.0,81.0,83.0,66.0,92.0,95.0,90.0,86.0,104.0,67.0,62.0,76.0,67.0,60.0,109.0,94.0,111.0,196.0;96.0,100.0,90.0,98.0,100.0,86.0,59.0,58.0,69.0,66.0,58.0,88.0,93.0,91.0,98.0,89.0,83.0,56.0,83.0,74.0,65.0,105.0,92.0,91.0,48.0;99.0,99.0,87.0,101.0,87.0,101.0,70.0,75.0,65.0,79.0,72.0,106.0,91.0,86.0,86.0,109.0,60.0,75.0,58.0,75.0,81.0,90.0,87.0,89.0,96.0;
