
98.0,100.0,114.0,87.0,100.0,100.0,70.0,77.0,80.0,79.0,77.0,112.0,85.0,95.0,114.0,89.0,79.0,78.0,67.0,84.0,70.0,89.0,111.0,98.0,87.0;
101.0,98.0,86.0,85.0,98.0,94.0,81.0,85.0,62.0,65.0,75.0,97.0,107.0,87.0,106.0,89.0,66.0,56.0,67.0,80.0,63.0,86.0,103.0,100.0,15.0;88.0,91.0,114.0,101.0,97.0,107.0,81.0,64.0,65.0,60.0,67.0,113.0,95.0,99.0,89.0,106.0,62.0,69.0,77.0,59.0,75.0,96.0,88.0,94.0,126.0;
109.0,102.0,102.0,86.0,106.0,85.0,77.0,81.0,66.0,72.0,62.0,100.0,103.0,105.0,89.0,91.0,76.0,85.0,80.0,63.0,57.0,101.0,104.0,100.0,3.0;103.0,95.0,110.0,106.0,102.0,88.0,59.0,62.0,66.0,82.0,81.0,101.0,94.0,97.0,108.0,109.0,70.0,85.0,56.0,70.0,71.0,102.0,87.0,87.0,136.0;87.0,99.0,85.0,103.0,108.0,97.0,58.0,77.0,62.0,80.0,57.0,96.0,98.0,88.0,104.0,100.0,73.0,82.0,56.0,74.0,68.0,88.0,109.0,92.0,79.0;
96.0,87.0,97.0,112.0,88.0,104.0,63.0,65.0,77.0,79.0,62.0,102.0,89.0,86.0,107.0,113.0,78.0,74.0,69.0,83.0,69.0,107.0,92.0,97.0,200.0;90.0,112.0,97.0,112.0,107.0,112.0,72.0,71.0,64.0,72.0,74.0,101.0,100.0,95.0,102.0,94.0,65.0,75.0,85.0,83.0,78.0,101.0,85.0,110.0,16.0;87.0,91.0,95.0,109.0,87.0,85.0,63.0,80.0,68.0,61.0,78.0,88.0,92.0,91.0,90.0,104.0,75.0,62.0,57.0,72.0,62.0,112.0,99.0,92.0,90.0;102.0,104.0,89.0,88.0,101.0,96.0,64.0,76.0,80.0,61.0,74.0,99.0,93.0,109.0,107.0,102.0,68.0,63.0,71.0,82.0,82.0,94.0,98.0,95.0,75.0;
95.0,87.0,101.0,105.0,108.0,96.0,61.0,57.0,69.0,61.0,63.0,93.0,88.0,95.0,103.0,103.0,64.0,84.0,85.0,75.0,78.0,111.0,95.0,91.0,42.0;85.0,105.0,102.0,86.0,113.0,88.0,83.0,56.0,64.0,84.0,69.0,92.0,96.0,112.0,87.0,106.0,65.0,62.0,78.0,83.0,69.0,85.0,96.0,92.0,104.0;106.0,101.0,90.0,95.0,85.0,114.0,74.0,67.0,71.0,56.0,61.0,91.0,87.0,100.0,110.0,102.0,56.0,63.0,56.0,69.0,84.0,99.0,95.0,109.0,106.0;112.0,89.0,110.0,89.0,95.0,108.0,82.0,68.0,65.0,60.0,85.0,88.0,112.0,96.0,91.0,110.0,80.0,77.0,59.0,66.0,73.0,111.0,112.0,113.0,54.0;100.0,90.0,110.0,96.0,85.0,95.0,56.0,78.0,65.0,69.0,58.0,91.0,114.0,102.0,85.0,95.0,72.0,83.0,59.0,75.0,85.0,95.0,114.0,98.0,144.0;
85.0,106.0,98.0,101.0,103.0,103.0,61.0,80.0,63.0,70.0,62.0,87.0,91.0,105.0,85.0,110.0,61.0,69.0,71.0,80.0,67.0,105.0,108.0,111.0,129.0;94.0,111.0,112.0,111.0,97.0,112.0,58.0,80.0,83.0,71.0,76.0,99.0,96.0,101.0,111.0,114.0,62.0,79.0,82.0,70.0,79.0,88.0,88.0,90.0,154.0;86.0,106.0,92.0,86.0,107.0,109.0,65.0,69.0,66.0,72.0,80.0,107.0,112.0,91.0,92.0,104.0,64.0,59.0,58.0,76.0,64.0,99.0,112.0,93.0,97.0;88.0,99.0,107.0,108.0,90.0,114.0,78.0,63.0,64.0,85.0,77.0,99.0,110.0,89.0,93.0,103.0,80.0,79.0,65.0,78.0,63.0,113.0,85.0,93.0,14.0;105.0,100.0,104.0,96.0,102.0,104.0,72.0,71.0,75.0,72.0,78.0,91.0,112.0,98.0,87.0,106.0,81.0,81.0,85.0,62.0,61.0,110.0,87.0,92.0,107.0;95.0,92.0,107.0,93.0,86.0,99.0,76.0,81.0,60.0,57.0,72.0,87.0,100.0,87.0,86.0,111.0,77.0,85.0,80.0,56.0,70.0,88.0,95.0,90.0,98.0;
98.0,94.0,97.0,95.0,95.0,99.0,73.0,62.0,60.0,68.0,66.0,102.0,113.0,87.0,107.0,89.0,59.0,57.0,62.0,66.0,74.0,101.0,112.0,85.0,129.0;99.0,94.0,93.0,100.0,114.0,106.0,76.0,59.0,80.0,71.0,59.0,114.0,96.0,110.0,92.0,101.0,65.0,63.0,81.0,62.0,84.0,113.0,101.0,89.0,171.0;101.0,114.0,97.0,92.0,96.0,86.0,77.0,81.0,64.0,85.0,69.0,91.0,109.0,108.0,86.0,113.0,83.0,77.0,56.0,65.0,84.0,113.0,85.0,108.0,198.0;85.0,99.0,97.0,95.0,88.0,113.0,81.0,69.0,82.0,58.0,76.0,99.0,114.0,111.0,99.0,112.0,84.0,84.0,66.0,82.0,72.0,108.0,92.0,94.0,157.0;97.0,114.0,100.0,91.0,102.0,113.0,69.0,68.0,63.0,74.0,57.0,100.0,99.0,113.0,101.0,89.0,71.0,81.0,64.0,77.0,76.0,94.0,107.0,111.0,55.0;112.0,96.0,100.0,88.0,114.0,102.0,68.0,67.0,69.0,58.0,80.0,97.0,97.0,85.0,96.0,108.0,69.0,67.0,74.0,76.0,69.0,104.0,100.0,109.0,181.0;107.0,93.0,88.0,104.0,104.0,95.0,76.0,80.0,56.0,66.0,58.0,105.0,87.0,94.0,103.0,90.0,56.0,73.0,85.0,80.0,74.0,113.0,114.0,97.0,67.0;
89.0,91.0,96.0,96.0,100.0,114.0,79.0,64.0,60.0,68.0,77.0,105.0,87.0,110.0,93.0,92.0,72.0,71.0,60.0,81.0,72.0,104.0,93.0,106.0,54.0;89.0,102.0,99.0,113.0,110.0,114.0,77.0,69.0,67.0,80.0,60.0,91.0,90.0,95.0,104.0,89.0,69.0,84.0,74.0,70.0,78.0,109.0,114.0,100.0,88.0;91.0,114.0,107.0,91.0,100.0,102.0,69.0,56.0,65.0,59.0,72.0,103.0,86.0,86.0,109.0,89.0,59.0,71.0,80.0,81.0,61.0,107.0,110.0,102.0,81.0;114.0,85.0,102.0,87.0,100.0,113.0,77.0,78.0,79.0,59.0,66.0,91.0,96.0,113.0,108.0,89.0,83.0,74.0,80.0,65.0,75.0,109.0,101.0,90.0,112.0;89.0,99.0,85.0,86.0,114.0,114.0,71.0,70.0,80.0,80.0,74.0,98.0,92.0,95.0,104.0,99.0,63.0,71.0,75.0,80.0,70.0,94.0,109.0,87.0,165.0;106.0,112.0,103.0,97.0,105.0,96.0,84.0,83.0,85.0,77.0,58.0,102.0,110.0,109.0,90.0,108.0,67.0,82.0,71.0,85.0,81.0,95.0,99.0,108.0,189.0;107.0,112.0,114.0,87.0,111.0,86.0,59.0,71.0,68.0,58.0,73.0,91.0,92.0,93.0,112.0,110.0,82.0,73.0,72.0,59.0,73.0,93.0,91.0,92.0,132.0;106.0,87.0,91.0,99.0,99.0,100.0,65.0,75.0,82.0,61.0,63.0,104.0,105.0,86.0,103.0,91.0,58.0,64.0,83.0,58.0,58.0,93.0,101.0,87.0,13.0;
98.0,113.0,101.0,106.0,93.0,103.0,73.0,83.0,75.0,57.0,79.0,104.0,111.0,104.0,101.0,91.0,62.0,85.0,68.0,66.0,65.0,96.0,85.0,97.0,65.0;96.0,91.0,99.0,100.0,100.0,91.0,84.0,66.0,72.0,57.0,83.0,111.0,106.0,91.0,94.0,106.0,76.0,57.0,60.0,73.0,80.0,107.0,99.0,113.0,197.0;104.0,95.0,111.0,88.0,103.0,86.0,58.0,78.0,65.0,66.0,80.0,90.0,97.0,98.0,108.0,95.0,58.0,79.0,61.0,62.0,71.0,114.0,101.0,113.0,92.0;87.0,95.0,99.0,101.0,97.0,102.0,68.0,68.0,74.0,67.0,65.0,103.0,99.0,108.0,91.0,98.0,64.0,72.0,82.0,67.0,76.0,87.0,106.0,91.0,108.0;102.0,87.0,108.0,93.0,92.0,107.0,85.0,57.0,72.0,77.0,60.0,96.0,97.0,85.0,85.0,91.0,73.0,81.0,63.0,58.0,59.0,85.0,114.0,106.0,171.0;92.0,95.0,86.0,97.0,85.0,101.0,58.0,60.0,70.0,63.0,60.0,113.0,102.0,98.0,98.0,85.0,75.0,71.0,78.0,64.0,78.0,105.0,100.0,103.0,150.0;111.0,95.0,110.0,106.0,111.0,101.0,83.0,69.0,70.0,60.0,76.0,103.0,105.0,100.0,99.0,112.0,59.0,57.0,76.0,82.0,66.0,94.0,95.0,107.0,132.0;85.0,107.0,104.0,99.0,108.0,111.0,78.0,83.0,69.0,70.0,57.0,100.0,100.0,94.0,108.0,111.0,84.0,66.0,79.0,57.0,66.0,111.0,99.0,87.0,54.0;114.0,98.0,102.0,111.0,95.0,91.0,80.0,63.0,71.0,69.0,71.0,111.0,86.0,111.0,94.0,96.0,83.0,75.0,81.0,75.0,58.0,85.0,88.0,99.0,125.0;
110.0,105.0,95.0,109.0,90.0,90.0,81.0,76.0,74.0,76.0,78.0,112.0,94.0,113.0,111.0,97.0,81.0,83.0,62.0,71.0,84.0,100.0,89.0,88.0,50.0;101.0,102.0,85.0,106.0,111.0,98.0,76.0,63.0,79.0,62.0,67.0,96.0,102.0,109.0,112.0,103.0,57.0,69.0,75.0,75.0,76.0,98.0,114.0,109.0,112.0;99.0,113.0,100.0,110.0,87.0,92.0,75.0,70.0,81.0,61.0,57.0,87.0,93.0,100.0,102.0,85.0,73.0,56.0,62.0,71.0,73.0,99.0,103.0,95.0,103.0;97.0,111.0,102.0,114.0,114.0,106.0,72.0,73.0,67.0,75.0,77.0,94.0,99.0,94.0,112.0,92.0,63.0,80.0,69.0,74.0,70.0,107.0,100.0,99.0,166.0;98.0,86.0,107.0,90.0,87.0,87.0,70.0,76.0,68.0,70.0,73.0,98.0,92.0,109.0,112.0,112.0,63.0,80.0,85.0,66.0,79.0,91.0,93.0,89.0,62.0;104.0,102.0,92.0,97.0,95.0,97.0,68.0,75.0,75.0,82.0,74.0,88.0,101.0,99.0,114.0,86.0,78.0,59.0,62.0,73.0,84.0,104.0,107.0,107.0,109.0;89.0,103.0,95.0,106.0,98.0,88.0,82.0,73.0,71.0,75.0,85.0,104.0,95.0,95.0,97.0,88.0,60.0,84.0,57.0,77.0,63.0,85.0,99.0,94.0,147.0;113.0,97.0,88.0,113.0,97.0,106.0,83.0,59.0,69.0,71.0,67.0,97.0,111.0,106.0,103.0,106.0,67.0,58.0,71.0,63.0,57.0,112.0,91.0,94.0,100.0;104.0,102.0,114.0,98.0,103.0,88.0,63.0,74.0,72.0,78.0,67.0,92.0,89.0,100.0,114.0,94.0,81.0,63.0,70.0,58.0,62.0,113.0,100.0,88.0,14.0;111.0,104.0,85.0,101.0,100.0,94.0,73.0,66.0,78.0,61.0,85.0,109.0,104.0,105.0,104.0,103.0,72.0,78.0,73.0,68.0,61.0,96.0,112.0,91.0,20.0;
