
86.0,98.0,94.0,106.0,99.0,114.0,61.0,72.0,66.0,84.0,57.0,109.0,93.0,90.0,99.0,85.0,75.0,66.0,64.0,71.0,67.0,105.0,91.0,100.0,160.0;
95.0,98.0,99.0,112.0,95.0,95.0,66.0,83.0,69.0,63.0,74.0,94.0,93.0,114.0,108.0,100.0,64.0,59.0,84.0,85.0,83.0,88.0,86.0,107.0,112.0;110.0,85.0,105.0,108.0,95.0,107.0,70.0,62.0,68.0,75.0,76.0,88.0,95.0,87.0,85.0,110.0,83.0,70.0,85.0,83.0,85.0,99.0,108.0,85.0,188.0;
103.0,106.0,95.0,96.0,100.0,108.0,73.0,65.0,63.0,56.0,76.0,95.0,89.0,104.0,93.0,103.0,80.0,62.0,75.0,68.0,61.0,105.0,91.0,99.0,58.0;111.0,100.0,108.0,107.0,114.0,103.0,68.0,73.0,61.0,58.0,73.0,113.0,91.0,107.0,91.0,88.0,69.0,80.0,84.0,60.0,78.0,89.0,91.0,87.0,97.0;87.0,97.0,105.0,112.0,87.0,89.0,67.0,71.0,69.0,70.0,69.0,96.0,94.0,87.0,88.0,96.0,70.0,83.0,68.0,68.0,75.0,114.0,108.0,114.0,97.0;
105.0,104.0,94.0,98.0,102.0,97.0,66.0,65.0,81.0,64.0,67.0,89.0,102.0,114.0,101.0,87.0,83.0,74.0,70.0,65.0,78.0,99.0,113.0,110.0,80.0;114.0,86.0,96.0,89.0,104.0,108.0,61.0,56.0,68.0,68.0,82.0,87.0,104.0,104.0,110.0,88.0,56.0,80.0,66.0,61.0,65.0,90.0,111.0,87.0,162.0;109.0,99.0,110.0,87.0,96.0,99.0,84.0,75.0,64.0,78.0,68.0,94.0,93.0,99.0,93.0,107.0,84.0,61.0,70.0,63.0,65.0,105.0,98.0,89.0,161.0;105.0,98.0,85.0,112.0,102.0,112.0,60.0,67.0,81.0,81.0,83.0,113.0,106.0,114.0,101.0,106.0,62.0,73.0,81.0,60.0,62.0,105.0,97.0,101.0,113.0;
90.0,95.0,111.0,103.0,93.0,97.0,78.0,65.0,80.0,56.0,81.0,96.0,100.0,109.0,113.0,92.0,74.0,66.0,56.0,59.0,72.0,87.0,89.0,96.0,90.0;90.0,110.0,97.0,92.0,96.0,109.0,78.0,57.0,77.0,64.0,75.0,91.0,97.0,106.0,114.0,98.0,58.0,59.0,63.0,69.0,84.0,90.0,113.0,107.0,20.0;107.0,96.0,102.0,94.0,96.0,110.0,81.0,79.0,72.0,83.0,75.0,113.0,106.0,88.0,87.0,107.0,57.0,71.0,75.0,81.0,73.0,96.0,108.0,108.0,11.0;95.0,110.0,95.0,106.0,85.0,110.0,81.0,56.0,64.0,57.0,75.0,114.0,97.0,100.0,96.0,99.0,60.0,81.0,57.0,65.0,63.0,87.0,108.0,94.0,72.0;96.0,98.0,90.0,96.0,98.0,95.0,63.0,78.0,77.0,73.0,65.0,90.0,95.0,114.0,110.0,96.0,64.0,74.0,72.0,76.0,75.0,105.0,106.0,85.0,1.0;
101.0,88.0,103.0,95.0,90.0,113.0,78.0,81.0,60.0,56.0,59.0,85.0,113.0,114.0,106.0,93.0,81.0,61.0,78.0,64.0,84.0,89.0,98.0,88.0,143.0;111.0,101.0,90.0,99.0,92.0,89.0,72.0,69.0,57.0,63.0,68.0,89.0,110.0,98.0,95.0,103.0,60.0,75.0,74.0,84.0,77.0,94.0,104.0,87.0,32.0;100.0,102.0,113.0,97.0,95.0,94.0,84.0,74.0,59.0,67.0,68.0,100.0,99.0,101.0,101.0,109.0,82.0,59.0,74.0,69.0,60.0,100.0,109.0,90.0,166.0;109.0,92.0,93.0,108.0,114.0,113.0,60.0,61.0,74.0,59.0,77.0,102.0,86.0,85.0,108.0,96.0,58.0,69.0,82.0,73.0,60.0,108.0,100.0,100.0,62.0;97.0,104.0,111.0,96.0,98.0,107.0,57.0,65.0,56.0,57.0,77.0,98.0,98.0,112.0,93.0,108.0,70.0,70.0,63.0,69.0,64.0,94.0,95.0,112.0,156.0;105.0,114.0,106.0,104.0,85.0,99.0,79.0,67.0,64.0,76.0,72.0,86.0,103.0,101.0,86.0,103.0,74.0,56.0,66.0,79.0,83.0,111.0,92.0,89.0,53.0;
98.0,93.0,96.0,106.0,109.0,96.0,64.0,75.0,71.0,79.0,75.0,102.0,103.0,107.0,104.0,99.0,61.0,71.0,57.0,75.0,59.0,112.0,96.0,111.0,21.0;110.0,86.0,96.0,114.0,89.0,114.0,80.0,76.0,84.0,67.0,80.0,112.0,102.0,90.0,95.0,97.0,62.0,59.0,69.0,58.0,62.0,90.0,86.0,104.0,50.0;108.0,108.0,85.0,114.0,100.0,100.0,77.0,72.0,67.0,73.0,61.0,112.0,92.0,102.0,97.0,93.0,69.0,78.0,67.0,81.0,57.0,106.0,96.0,105.0,178.0;91.0,107.0,106.0,104.0,104.0,96.0,85.0,64.0,78.0,60.0,80.0,92.0,88.0,106.0,92.0,89.0,74.0,64.0,70.0,81.0,69.0,91.0,106.0,90.0,125.0;94.0,109.0,105.0,100.0,89.0,94.0,57.0,60.0,85.0,81.0,63.0,112.0,108.0,106.0,91.0,103.0,56.0,59.0,60.0,56.0,58.0,90.0,103.0,92.0,24.0;110.0,108.0,88.0,97.0,85.0,109.0,74.0,71.0,80.0,81.0,68.0,85.0,109.0,103.0,93.0,108.0,70.0,57.0,57.0,64.0,70.0,87.0,86.0,96.0,200.0;106.0,88.0,85.0,105.0,107.0,88.0,70.0,77.0,58.0,71.0,73.0,99.0,106.0,101.0,97.0,90.0,71.0,73.0,67.0,77.0,63.0,102.0,90.0,86.0,143.0;
100.0,106.0,101.0,105.0,113.0,88.0,83.0,71.0,68.0,78.0,85.0,94.0,91.0,86.0,92.0,93.0,84.0,77.0,73.0,66.0,81.0,109.0,109.0,98.0,163.0;105.0,105.0,90.0,93.0,86.0,90.0,66.0,67.0,69.0,58.0,78.0,92.0,86.0,105.0,100.0,96.0,63.0,82.0,64.0,70.0,85.0,96.0,87.0,90.0,50.0;98.0,108.0,111.0,86.0,91.0,103.0,80.0,68.0,80.0,76.0,60.0,91.0,110.0,114.0,94.0,97.0,74.0,71.0,71.0,58.0,75.0,92.0,104.0,95.0,114.0;104.0,114.0,106.0,85.0,114.0,91.0,79.0,83.0,64.0,78.0,74.0,92.0,100.0,113.0,90.0,107.0,62.0,59.0,65.0,82.0,71.0,102.0,110.0,110.0,179.0;94.0,104.0,113.0,89.0,107.0,96.0,82.0,78.0,80.0,73.0,70.0,106.0,92.0,102.0,112.0,99.0,81.0,61.0,74.0,78.0,60.0,94.0,108.0,102.0,128.0;110.0,92.0,100.0,97.0,108.0,97.0,74.0,71.0,75.0,71.0,72.0,109.0,89.0,103.0,114.0,108.0,67.0,77.0,80.0,56.0,69.0,95.0,102.0,99.0,31.0;96.0,95.0,103.0,88.0,86.0,112.0,64.0,61.0,73.0,77.0,57.0,107.0,105.0,97.0,96.0,95.0,71.0,67.0,75.0,83.0,60.0,91.0,103.0,104.0,131.0;102.0,108.0,94.0,112.0,110.0,85.0,65.0,78.0,56.0,60.0,76.0,102.0,102.0,85.0,106.0,108.0,68.0,58.0,63.0,58.0,74.0,102.0,102.0,108.0,125.0;
92.0,103.0,106.0,97.0,97.0,92.0,61.0,78.0,65.0,78.0,77.0,95.0,99.0,112.0,89.0,107.0,78.0,75.0,64.0,62.0,57.0,92.0,113.0,92.0,85.0;103.0,114.0,110.0,90.0,86.0,102.0,80.0,81.0,81.0,76.0,83.0,110.0,107.0,93.0,88.0,89.0,75.0,72.0,59.0,71.0,64.0,91.0,86.0,112.0,32.0;99.0,90.0,108.0,88.0,113.0,106.0,68.0,61.0,84.0,57.0,65.0,113.0,98.0,100.0,107.0,112.0,85.0,79.0,60.0,85.0,69.0,88.0,98.0,86.0,54.0;97.0,95.0,92.0,111.0,111.0,111.0,84.0,80.0,75.0,82.0,81.0,94.0,95.0,104.0,92.0,107.0,79.0,57.0,62.0,76.0,75.0,109.0,89.0,89.0,41.0;104.0,107.0,92.0,95.0,98.0,99.0,59.0,82.0,74.0,78.0,72.0,88.0,103.0,99.0,105.0,93.0,59.0,85.0,76.0,68.0,85.0,100.0,90.0,102.0,70.0;112.0,97.0,105.0,89.0,108.0,113.0,81.0,59.0,64.0,62.0,69.0,87.0,90.0,113.0,96.0,93.0,80.0,58.0,66.0,73.0,84.0,109.0,103.0,109.0,114.0;104.0,105.0,104.0,91.0,113.0,92.0,82.0,63.0,67.0,77.0,65.0,97.0,98.0,99.0,107.0,95.0,71.0,68.0,66.0,63.0,83.0,111.0,106.0,89.0,98.0;90.0,88.0,95.0,103.0,104.0,96.0,69.0,78.0,73.0,79.0,74.0,112.0,105.0,109.0,104.0,105.0,66.0,70.0,61.0,66.0,71.0,101.0,111.0,96.0,10.0;112.0,109.0,98.0,96.0,111.0,110.0,58.0,85.0,66.0,62.0,63.0,113.0,114.0,95.0,101.0,85.0,80.0,64.0,70.0,68.0,67.0,93.0,98.0,105.0,59.0;
91.0,93.0,98.0,109.0,91.0,94.0,85.0,58.0,58.0,80.0,67.0,109.0,91.0,85.0,105.0,109.0,80.0,65.0,70.0,67.0,77.0,88.0,114.0,112.0,157.0;107.0,95.0,95.0,100.0,105.0,111.0,66.0,62.0,65.0,61.0,73.0,111.0,87.0,113.0,89.0,110.0,81.0,65.0,80.0,67.0,77.0,101.0,95.0,94.0,19.0;85.0,85.0,88.0,89.0,114.0,90.0,82.0,56.0,85.0,74.0,75.0,111.0,90.0,110.0,94.0,107.0,70.0,62.0,67.0,78.0,58.0,97.0,112.0,85.0,57.0;113.0,87.0,112.0,86.0,87.0,101.0,62.0,75.0,75.0,82.0,77.0,93.0,98.0,103.0,103.0,111.0,57.0,70.0,71.0,68.0,67.0,113.0,110.0,103.0,116.0;85.0,91.0,105.0,86.0,91.0,98.0,78.0,68.0,58.0,62.0,66.0,102.0,91.0,103.0,104.0,103.0,69.0,82.0,60.0,69.0,84.0,96.0,95.0,109.0,178.0;106.0,101.0,111.0,97.0,91.0,88.0,76.0,58.0,67.0,60.0,64.0,99.0,93.0,97.0,111.0,91.0,70.0,61.0,69.0,69.0,57.0,102.0,96.0,103.0,157.0;90.0,95.0,101.0,108.0,101.0,108.0,80.0,63.0,59.0,60.0,64.0,96.0,102.0,97.0,109.0,110.0,67.0,76.0,68.0,61.0,69.0,101.0,98.0,92.0,103.0;99.0,109.0,93.0,106.0,106.0,100.0,68.0,67.0,81.0,57.0,60.0,106.0,103.0,105.0,87.0,104.0,66.0,57.0,84.0,60.0,79.0,91.0,89.0,113.0,49.0;97.0,93.0,105.0,85.0,85.0,85.0,82.0,79.0,69.0,60.0,74.0,99.0,110.0,91.0,104.0,111.0,75.0,59.0,83.0,78.0,68.0,110.0,105.0,108.0,6.0;91.0,109.0,87.0,100.0,99.0,93.0,66.0,78.0,70.0,70.0,70.0,88.0,100.0,90.0,96.0,101.0,69.0,83.0,59.0,80.0,77.0,88.0,111.0,101.0,119.0;
