
103.0,109.0,87.0,109.0,107.0,112.0,70.0,84.0,65.0,76.0,65.0,102.0,109.0,94.0,96.0,102.0,72.0,76.0,73.0,75.0,77.0,99.0,107.0,113.0,73.0;
107.0,100.0,87.0,109.0,104.0,106.0,60.0,62.0,80.0,69.0,76.0,111.0,113.0,113.0,100.0,105.0,71.0,80.0,64.0,78.0,62.0,97.0,96.0,111.0,12.0;89.0,109.0,112.0,87.0,102.0,112.0,82.0,58.0,70.0,79.0,77.0,102.0,94.0,92.0,104.0,99.0,57.0,65.0,59.0,78.0,75.0,91.0,95.0,96.0,77.0;
95.0,90.0,89.0,107.0,93.0,87.0,59.0,79.0,67.0,61.0,64.0,114.0,91.0,89.0,92.0,98.0,81.0,80.0,73.0,73.0,59.0,103.0,111.0,108.0,167.0;91.0,103.0,114.0,100.0,91.0,87.0,82.0,65.0,76.0,77.0,57.0,96.0,88.0,109.0,101.0,92.0,78.0,62.0,74.0,58.0,60.0,106.0,98.0,105.0,58.0;89.0,113.0,91.0,108.0,96.0,113.0,64.0,78.0,70.0,71.0,58.0,101.0,100.0,88.0,93.0,98.0,68.0,75.0,74.0,57.0,62.0,85.0,89.0,97.0,159.0;
111.0,111.0,87.0,88.0,87.0,100.0,59.0,79.0,79.0,85.0,61.0,89.0,99.0,86.0,87.0,108.0,57.0,61.0,83.0,78.0,58.0,111.0,104.0,108.0,83.0;93.0,102.0,97.0,112.0,101.0,88.0,69.0,72.0,61.0,81.0,72.0,100.0,105.0,99.0,98.0,109.0,74.0,69.0,71.0,64.0,82.0,92.0,114.0,90.0,6.0;85.0,107.0,107.0,86.0,92.0,108.0,68.0,76.0,70.0,82.0,59.0,111.0,94.0,85.0,97.0,90.0,81.0,68.0,56.0,83.0,69.0,89.0,94.0,101.0,15.0;114.0,108.0,109.0,88.0,93.0,107.0,65.0,84.0,71.0,70.0,57.0,105.0,108.0,100.0,108.0,113.0,67.0,59.0,57.0,72.0,71.0,111.0,92.0,92.0,89.0;
96.0,110.0,95.0,88.0,114.0,104.0,74.0,67.0,68.0,68.0,80.0,95.0,114.0,102.0,93.0,89.0,61.0,85.0,81.0,72.0,63.0,103.0,108.0,112.0,62.0;99.0,89.0,106.0,106.0,113.0,102.0,72.0,62.0,78.0,85.0,66.0,99.0,92.0,93.0,97.0,92.0,78.0,71.0,59.0,74.0,74.0,85.0,90.0,94.0,177.0;87.0,101.0,112.0,94.0,96.0,95.0,60.0,83.0,80.0,64.0,61.0,87.0,88.0,87.0,107.0,93.0,62.0,60.0,70.0,80.0,84.0,112.0,89.0,107.0,28.0;104.0,109.0,85.0,113.0,108.0,111.0,83.0,82.0,69.0,69.0,79.0,101.0,109.0,107.0,105.0,86.0,70.0,67.0,60.0,64.0,79.0,95.0,96.0,86.0,183.0;113.0,107.0,102.0,104.0,86.0,100.0,61.0,57.0,74.0,61.0,66.0,104.0,96.0,93.0,85.0,95.0,70.0,81.0,56.0,62.0,82.0,103.0,112.0,105.0,151.0;
99.0,94.0,88.0,103.0,90.0,99.0,75.0,69.0,70.0,69.0,62.0,99.0,98.0,109.0,87.0,88.0,74.0,78.0,85.0,65.0,84.0,94.0,89.0,101.0,187.0;98.0,112.0,96.0,110.0,107.0,90.0,67.0,64.0,59.0,83.0,65.0,95.0,103.0,86.0,98.0,88.0,70.0,64.0,70.0,57.0,67.0,103.0,94.0,113.0,123.0;99.0,96.0,103.0,103.0,96.0,102.0,70.0,61.0,75.0,83.0,69.0,107.0,104.0,98.0,92.0,99.0,73.0,75.0,82.0,77.0,57.0,107.0,101.0,111.0,114.0;106.0,104.0,105.0,109.0,114.0,109.0,85.0,59.0,72.0,61.0,74.0,110.0,95.0,85.0,111.0,106.0,83.0,83.0,71.0,77.0,85.0,103.0,86.0,103.0,54.0;103.0,114.0,86.0,87.0,106.0,100.0,64.0,77.0,68.0,74.0,68.0,94.0,93.0,112.0,113.0,86.0,64.0,77.0,83.0,79.0,65.0,105.0,92.0,98.0,195.0;90.0,111.0,93.0,88.0,99.0,95.0,59.0,59.0,75.0,64.0,67.0,91.0,94.0,98.0,102.0,91.0,66.0,81.0,63.0,75.0,81.0,110.0,99.0,93.0,95.0;
92.0,85.0,107.0,108.0,109.0,101.0,80.0,64.0,59.0,76.0,78.0,86.0,85.0,106.0,91.0,88.0,60.0,78.0,80.0,77.0,84.0,102.0,113.0,111.0,170.0;106.0,101.0,98.0,106.0,113.0,104.0,76.0,60.0,74.0,56.0,71.0,94.0,94.0,109.0,89.0,86.0,72.0,68.0,66.0,75.0,79.0,86.0,112.0,86.0,189.0;93.0,96.0,112.0,85.0,98.0,106.0,71.0,65.0,71.0,63.0,60.0,94.0,108.0,85.0,90.0,110.0,59.0,84.0,79.0,67.0,82.0,113.0,108.0,109.0,16.0;105.0,102.0,104.0,112.0,112.0,88.0,85.0,81.0,71.0,84.0,56.0,86.0,109.0,113.0,113.0,86.0,69.0,82.0,80.0,76.0,59.0,86.0,103.0,92.0,127.0;109.0,99.0,90.0,112.0,95.0,97.0,76.0,66.0,85.0,56.0,69.0,97.0,102.0,94.0,107.0,111.0,60.0,81.0,58.0,82.0,57.0,102.0,85.0,103.0,48.0;114.0,107.0,92.0,103.0,90.0,97.0,57.0,79.0,85.0,60.0,56.0,96.0,86.0,108.0,93.0,87.0,71.0,77.0,74.0,58.0,70.0,111.0,86.0,101.0,85.0;89.0,112.0,95.0,96.0,90.0,104.0,66.0,66.0,78.0,56.0,61.0,108.0,91.0,113.0,93.0,88.0,78.0,74.0,64.0,76.0,68.0,90.0,99.0,113.0,105.0;
104.0,101.0,91.0,103.0,97.0,88.0,75.0,56.0,58.0,81.0,57.0,96.0,111.0,91.0,96.0,91.0,80.0,63.0,56.0,85.0,66.0,100.0,100.0,87.0,166.0;89.0,99.0,96.0,107.0,88.0,97.0,63.0,63.0,67.0,60.0,73.0,85.0,114.0,87.0,91.0,98.0,81.0,72.0,70.0,66.0,79.0,90.0,89.0,108.0,63.0;85.0,97.0,89.0,90.0,108.0,101.0,70.0,70.0,64.0,60.0,67.0,96.0,103.0,103.0,107.0,85.0,72.0,75.0,81.0,85.0,84.0,88.0,106.0,105.0,167.0;113.0,110.0,108.0,111.0,108.0,87.0,76.0,62.0,75.0,64.0,70.0,113.0,103.0,108.0,89.0,97.0,66.0,81.0,56.0,56.0,73.0,109.0,98.0,86.0,134.0;98.0,96.0,97.0,101.0,88.0,101.0,57.0,77.0,71.0,81.0,85.0,86.0,97.0,105.0,85.0,87.0,76.0,59.0,84.0,66.0,73.0,104.0,106.0,113.0,143.0;114.0,88.0,94.0,94.0,90.0,96.0,83.0,60.0,84.0,60.0,70.0,87.0,112.0,108.0,111.0,85.0,73.0,69.0,61.0,81.0,67.0,110.0,109.0,114.0,70.0;97.0,98.0,114.0,112.0,100.0,106.0,69.0,84.0,83.0,67.0,79.0,97.0,95.0,94.0,103.0,97.0,61.0,65.0,84.0,77.0,62.0,99.0,111.0,87.0,60.0;106.0,110.0,87.0,93.0,107.0,91.0,59.0,61.0,78.0,78.0,66.0,95.0,95.0,91.0,98.0,109.0,63.0,56.0,65.0,81.0,73.0,97.0,107.0,108.0,173.0;
89.0,95.0,108.0,94.0,102.0,101.0,67.0,74.0,80.0,79.0,73.0,104.0,91.0,98.0,86.0,91.0,82.0,83.0,67.0,73.0,69.0,105.0,113.0,93.0,157.0;109.0,92.0,111.0,87.0,98.0,101.0,63.0,83.0,83.0,65.0,60.0,93.0,111.0,103.0,95.0,107.0,84.0,82.0,56.0,81.0,79.0,114.0,107.0,110.0,84.0;87.0,109.0,99.0,94.0,105.0,113.0,76.0,74.0,84.0,58.0,60.0,98.0,93.0,114.0,98.0,88.0,65.0,80.0,83.0,63.0,62.0,90.0,112.0,114.0,137.0;96.0,94.0,85.0,114.0,96.0,112.0,65.0,68.0,57.0,80.0,73.0,103.0,106.0,92.0,108.0,98.0,60.0,56.0,69.0,64.0,73.0,106.0,91.0,101.0,122.0;111.0,110.0,96.0,107.0,98.0,102.0,67.0,80.0,78.0,73.0,84.0,114.0,90.0,92.0,111.0,100.0,59.0,78.0,66.0,68.0,73.0,107.0,106.0,95.0,56.0;97.0,108.0,87.0,104.0,103.0,91.0,58.0,63.0,66.0,74.0,61.0,96.0,87.0,99.0,88.0,88.0,70.0,82.0,69.0,58.0,81.0,102.0,89.0,104.0,1.0;90.0,109.0,101.0,91.0,96.0,108.0,65.0,73.0,69.0,78.0,85.0,96.0,108.0,91.0,110.0,94.0,85.0,83.0,63.0,71.0,63.0,107.0,97.0,110.0,146.0;107.0,96.0,90.0,88.0,87.0,99.0,64.0,71.0,66.0,70.0,67.0,97.0,106.0,114.0,107.0,87.0,81.0,83.0,70.0,83.0,58.0,110.0,92.0,102.0,54.0;111.0,108.0,93.0,94.0,96.0,111.0,82.0,84.0,85.0,81.0,68.0,97.0,111.0,99.0,102.0,91.0,70.0,81.0,71.0,65.0,65.0,114.0,109.0,101.0,93.0;
113.0,99.0,108.0,107.0,94.0,104.0,61.0,60.0,76.0,84.0,63.0,102.0,89.0,109.0,87.0,106.0,68.0,68.0,62.0,72.0,69.0,109.0,104.0,90.0,12.0;103.0,105.0,91.0,95.0,94.0,95.0,71.0,74.0,84.0,85.0,76.0,96.0,106.0,94.0,110.0,85.0,80.0,79.0,70.0,77.0,74.0,114.0,107.0,107.0,176.0;112.0,89.0,92.0,101.0,95.0,113.0,83.0,76.0,74.0,84.0,81.0,91.0,86.0,100.0,109.0,90.0,80.0,56.0,81.0,62.0,70.0,109.0,109.0,111.0,18.0;112.0,105.0,112.0,93.0,113.0,96.0,66.0,62.0,56.0,83.0,58.0,90.0,111.0,100.0,105.0,100.0,70.0,77.0,58.0,77.0,56.0,88.0,109.0,88.0,149.0;111.0,90.0,113.0,113.0,92.0,95.0,66.0,63.0,85.0,83.0,83.0,92.0,90.0,96.0,97.0,105.0,71.0,82.0,79.0,64.0,69.0,95.0,97.0,97.0,86.0;93.0,110.0,109.0,98.0,106.0,96.0,61.0,77.0,69.0,62.0,74.0,91.0,86.0,95.0,86.0,96.0,71.0,73.0,84.0,59.0,83.0,103.0,113.0,93.0,77.0;104.0,99.0,100.0,89.0,93.0,102.0,68.0,65.0,80.0,60.0,70.0,92.0,103.0,97.0,97.0,102.0,72.0,66.0,71.0,64.0,82.0,110.0,88.0,98.0,144.0;94.0,107.0,113.0,94.0,97.0,94.0,81.0,58.0,79.0,59.0,82.0,95.0,95.0,90.0,113.0,95.0,70.0,72.0,67.0,71.0,63.0,98.0,99.0,94.0,141.0;88.0,114.0,96.0,98.0,99.0,91.0,73.0,77.0,75.0,65.0,77.0,108.0,107.0,106.0,111.0,105.0,60.0,66.0,72.0,74.0,80.0,108.0,107.0,112.0,58.0;105.0,86.0,101.0,109.0,109.0,97.0,67.0,62.0,62.0,59.0,61.0,97.0,108.0,89.0,96.0,101.0,81.0,82.0,65.0,73.0,58.0,114.0,107.0,109.0,51.0;
