
105.0,87.0,99.0,93.0,114.0,113.0,83.0,76.0,62.0,67.0,85.0,97.0,106.0,92.0,98.0,101.0,69.0,72.0,62.0,60.0,74.0,107.0,96.0,99.0,77.0;
88.0,88.0,96.0,94.0,107.0,97.0,79.0,68.0,63.0,73.0,80.0,114.0,108.0,97.0,106.0,91.0,79.0,82.0,71.0,72.0,81.0,96.0,99.0,93.0,104.0;97.0,102.0,105.0,110.0,112.0,110.0,71.0,65.0,76.0,78.0,56.0,93.0,110.0,89.0,103.0,111.0,66.0,72.0,58.0,72.0,83.0,98.0,101.0,96.0,77.0;
87.0,108.0,98.0,100.0,102.0,109.0,72.0,74.0,73.0,70.0,70.0,104.0,107.0,98.0,109.0,88.0,80.0,64.0,72.0,60.0,58.0,113.0,96.0,108.0,27.0;94.0,106.0,103.0,85.0,99.0,95.0,61.0,57.0,74.0,56.0,59.0,98.0,107.0,111.0,92.0,98.0,69.0,80.0,68.0,60.0,75.0,114.0,90.0,114.0,140.0;91.0,95.0,90.0,90.0,114.0,95.0,64.0,56.0,64.0,84.0,74.0,93.0,110.0,92.0,109.0,112.0,69.0,85.0,78.0,69.0,70.0,99.0,109.0,86.0,129.0;
109.0,90.0,87.0,113.0,107.0,111.0,72.0,70.0,79.0,67.0,66.0,100.0,91.0,91.0,98.0,114.0,82.0,78.0,66.0,80.0,68.0,104.0,96.0,110.0,75.0;111.0,100.0,107.0,108.0,111.0,101.0,59.0,71.0,77.0,62.0,63.0,86.0,91.0,100.0,107.0,99.0,74.0,77.0,72.0,73.0,61.0,104.0,104.0,95.0,4.0;106.0,110.0,86.0,88.0,91.0,106.0,69.0,76.0,68.0,67.0,84.0,111.0,99.0,95.0,86.0,91.0,70.0,74.0,71.0,58.0,66.0,104.0,111.0,96.0,71.0;114.0,99.0,103.0,109.0,89.0,96.0,71.0,82.0,67.0,65.0,60.0,103.0,94.0,109.0,102.0,96.0,66.0,79.0,78.0,59.0,73.0,96.0,87.0,104.0,153.0;
90.0,94.0,91.0,96.0,86.0,105.0,61.0,67.0,81.0,65.0,75.0,97.0,103.0,86.0,87.0,95.0,73.0,65.0,73.0,75.0,68.0,102.0,107.0,107.0,91.0;86.0,93.0,113.0,104.0,103.0,110.0,74.0,82.0,68.0,77.0,67.0,101.0,96.0,88.0,113.0,104.0,83.0,64.0,70.0,60.0,76.0,96.0,106.0,88.0,58.0;92.0,113.0,109.0,86.0,95.0,109.0,58.0,81.0,68.0,84.0,56.0,113.0,96.0,114.0,114.0,86.0,58.0,57.0,72.0,58.0,70.0,111.0,106.0,96.0,113.0;104.0,95.0,113.0,96.0,85.0,101.0,64.0,65.0,57.0,58.0,73.0,92.0,89.0,97.0,112.0,86.0,81.0,79.0,79.0,66.0,78.0,106.0,102.0,113.0,8.0;101.0,92.0,100.0,101.0,106.0,91.0,61.0,77.0,64.0,80.0,62.0,107.0,95.0,98.0,101.0,97.0,72.0,58.0,71.0,72.0,66.0,91.0,102.0,94.0,100.0;
89.0,87.0,96.0,90.0,100.0,108.0,73.0,61.0,56.0,57.0,60.0,103.0,111.0,97.0,105.0,110.0,84.0,76.0,81.0,71.0,73.0,95.0,99.0,96.0,27.0;113.0,106.0,102.0,100.0,102.0,111.0,73.0,68.0,78.0,80.0,72.0,96.0,99.0,110.0,98.0,89.0,71.0,75.0,70.0,78.0,66.0,109.0,109.0,107.0,76.0;91.0,93.0,95.0,113.0,101.0,103.0,56.0,79.0,76.0,67.0,81.0,112.0,94.0,105.0,91.0,108.0,62.0,64.0,65.0,81.0,60.0,88.0,97.0,86.0,33.0;100.0,103.0,110.0,105.0,97.0,113.0,66.0,63.0,58.0,80.0,78.0,110.0,114.0,95.0,106.0,109.0,69.0,69.0,61.0,68.0,80.0,96.0,102.0,111.0,36.0;96.0,105.0,102.0,89.0,89.0,110.0,71.0,74.0,84.0,56.0,78.0,101.0,94.0,94.0,88.0,108.0,58.0,73.0,59.0,61.0,60.0,97.0,90.0,91.0,168.0;104.0,97.0,91.0,113.0,90.0,106.0,65.0,77.0,75.0,81.0,79.0,94.0,90.0,108.0,89.0,105.0,84.0,58.0,66.0,75.0,81.0,93.0,114.0,114.0,153.0;
94.0,100.0,98.0,94.0,111.0,99.0,68.0,85.0,82.0,59.0,83.0,104.0,101.0,109.0,98.0,92.0,83.0,84.0,85.0,57.0,77.0,98.0,86.0,87.0,59.0;87.0,92.0,90.0,90.0,105.0,104.0,81.0,65.0,74.0,59.0,80.0,113.0,110.0,98.0,112.0,98.0,73.0,74.0,82.0,73.0,56.0,90.0,93.0,94.0,83.0;106.0,109.0,87.0,104.0,107.0,93.0,76.0,82.0,67.0,82.0,67.0,86.0,90.0,99.0,103.0,103.0,71.0,69.0,69.0,69.0,71.0,112.0,85.0,97.0,109.0;85.0,107.0,95.0,105.0,113.0,113.0,83.0,70.0,60.0,63.0,60.0,97.0,86.0,106.0,105.0,93.0,79.0,83.0,57.0,71.0,60.0,90.0,108.0,87.0,116.0;103.0,110.0,98.0,95.0,111.0,94.0,70.0,66.0,57.0,63.0,78.0,104.0,104.0,99.0,90.0,93.0,74.0,66.0,68.0,62.0,80.0,92.0,102.0,102.0,122.0;88.0,109.0,90.0,110.0,87.0,114.0,62.0,77.0,61.0,65.0,69.0,95.0,106.0,99.0,112.0,105.0,84.0,71.0,57.0,80.0,69.0,95.0,85.0,94.0,181.0;108.0,95.0,108.0,96.0,95.0,105.0,56.0,81.0,64.0,76.0,76.0,105.0,108.0,88.0,97.0,106.0,62.0,59.0,59.0,69.0,73.0,105.0,96.0,109.0,106.0;
103.0,94.0,104.0,87.0,106.0,91.0,65.0,66.0,56.0,56.0,67.0,113.0,92.0,90.0,98.0,93.0,79.0,82.0,68.0,81.0,77.0,104.0,109.0,111.0,110.0;101.0,103.0,93.0,90.0,103.0,113.0,69.0,76.0,57.0,70.0,71.0,107.0,112.0,104.0,100.0,93.0,83.0,72.0,58.0,83.0,73.0,113.0,113.0,109.0,149.0;85.0,113.0,98.0,103.0,102.0,113.0,83.0,62.0,79.0,69.0,58.0,90.0,114.0,103.0,112.0,102.0,73.0,59.0,83.0,67.0,74.0,101.0,104.0,104.0,74.0;112.0,98.0,86.0,110.0,98.0,101.0,60.0,67.0,75.0,74.0,57.0,113.0,94.0,103.0,110.0,92.0,56.0,57.0,78.0,63.0,73.0,113.0,101.0,104.0,170.0;96.0,106.0,113.0,101.0,113.0,98.0,68.0,80.0,82.0,78.0,65.0,89.0,104.0,101.0,107.0,113.0,68.0,56.0,65.0,79.0,59.0,91.0,87.0,95.0,176.0;97.0,102.0,107.0,113.0,102.0,89.0,82.0,65.0,78.0,83.0,85.0,95.0,114.0,87.0,99.0,112.0,57.0,68.0,60.0,67.0,56.0,105.0,114.0,86.0,2.0;89.0,100.0,104.0,91.0,91.0,93.0,59.0,78.0,62.0,71.0,74.0,100.0,94.0,87.0,105.0,87.0,60.0,76.0,64.0,77.0,79.0,92.0,105.0,87.0,196.0;86.0,104.0,99.0,95.0,94.0,110.0,76.0,62.0,70.0,64.0,84.0,108.0,99.0,111.0,88.0,109.0,69.0,82.0,84.0,85.0,64.0,100.0,89.0,106.0,160.0;
112.0,85.0,114.0,101.0,87.0,103.0,72.0,58.0,70.0,65.0,66.0,113.0,112.0,105.0,98.0,89.0,60.0,70.0,73.0,81.0,59.0,112.0,94.0,108.0,82.0;102.0,112.0,97.0,108.0,106.0,93.0,77.0,60.0,82.0,76.0,72.0,104.0,105.0,94.0,95.0,102.0,65.0,56.0,78.0,80.0,65.0,88.0,106.0,101.0,38.0;93.0,89.0,99.0,86.0,96.0,87.0,83.0,73.0,67.0,68.0,67.0,113.0,93.0,104.0,112.0,88.0,78.0,81.0,74.0,80.0,66.0,86.0,98.0,114.0,21.0;96.0,104.0,102.0,107.0,95.0,102.0,69.0,61.0,71.0,57.0,62.0,99.0,106.0,102.0,101.0,92.0,71.0,77.0,57.0,58.0,63.0,108.0,98.0,96.0,57.0;114.0,88.0,101.0,90.0,102.0,90.0,71.0,60.0,83.0,68.0,58.0,96.0,114.0,104.0,112.0,111.0,65.0,71.0,66.0,59.0,69.0,95.0,96.0,105.0,53.0;108.0,86.0,111.0,114.0,106.0,108.0,79.0,69.0,85.0,77.0,69.0,112.0,104.0,114.0,110.0,111.0,75.0,76.0,63.0,68.0,83.0,105.0,100.0,101.0,161.0;102.0,108.0,111.0,100.0,97.0,86.0,73.0,59.0,73.0,68.0,70.0,111.0,97.0,95.0,110.0,94.0,66.0,72.0,81.0,74.0,73.0,98.0,105.0,85.0,130.0;107.0,108.0,105.0,86.0,88.0,88.0,65.0,83.0,78.0,59.0,67.0,108.0,106.0,95.0,90.0,108.0,85.0,77.0,56.0,63.0,57.0,85.0,103.0,102.0,156.0;93.0,94.0,98.0,105.0,109.0,107.0,57.0,57.0,60.0,62.0,82.0,90.0,114.0,96.0,105.0,85.0,71.0,64.0,56.0,76.0,67.0,97.0,95.0,86.0,67.0;
98.0,99.0,106.0,112.0,105.0,91.0,58.0,64.0,59.0,72.0,60.0,89.0,114.0,105.0,110.0,89.0,76.0,69.0,56.0,66.0,62.0,105.0,99.0,104.0,93.0;85.0,91.0,100.0,102.0,92.0,104.0,68.0,60.0,72.0,84.0,85.0,98.0,86.0,105.0,93.0,110.0,56.0,62.0,65.0,64.0,63.0,93.0,86.0,96.0,167.0;110.0,90.0,89.0,91.0,96.0,92.0,58.0,68.0,85.0,85.0,64.0,100.0,93.0,99.0,101.0,85.0,71.0,76.0,81.0,82.0,61.0,105.0,89.0,108.0,78.0;109.0,114.0,112.0,91.0,93.0,91.0,69.0,61.0,81.0,72.0,63.0,85.0,111.0,108.0,97.0,103.0,68.0,56.0,67.0,66.0,85.0,87.0,113.0,90.0,129.0;93.0,86.0,88.0,87.0,102.0,93.0,76.0,76.0,71.0,74.0,81.0,97.0,103.0,88.0,108.0,114.0,84.0,78.0,75.0,57.0,76.0,98.0,99.0,95.0,103.0;107.0,112.0,90.0,111.0,85.0,114.0,67.0,80.0,82.0,61.0,80.0,94.0,93.0,107.0,85.0,109.0,71.0,77.0,71.0,75.0,57.0,87.0,91.0,106.0,64.0;111.0,87.0,95.0,113.0,99.0,104.0,83.0,75.0,73.0,75.0,65.0,100.0,107.0,92.0,109.0,85.0,84.0,75.0,57.0,62.0,80.0,97.0,99.0,95.0,171.0;95.0,105.0,93.0,107.0,96.0,90.0,85.0,60.0,72.0,79.0,78.0,96.0,91.0,100.0,112.0,87.0,77.0,84.0,70.0,83.0,61.0,113.0,91.0,94.0,53.0;86.0,113.0,111.0,88.0,93.0,92.0,85.0,60.0,57.0,85.0,81.0,114.0,95.0,98.0,113.0,86.0,67.0,72.0,61.0,84.0,79.0,89.0,106.0,93.0,143.0;108.0,96.0,113.0,92.0,104.0,96.0,78.0,64.0,83.0,82.0,73.0,93.0,102.0,88.0,104.0,107.0,85.0,82.0,69.0,81.0,67.0,108.0,102.0,105.0,154.0;
