
111.0,93.0,93.0,104.0,111.0,101.0,59.0,71.0,69.0,84.0,57.0,98.0,97.0,89.0,108.0,102.0,68.0,84.0,63.0,76.0,62.0,86.0,111.0,90.0,184.0;
98.0,112.0,113.0,101.0,114.0,92.0,66.0,74.0,72.0,82.0,75.0,97.0,86.0,100.0,114.0,113.0,80.0,67.0,64.0,78.0,75.0,90.0,104.0,104.0,82.0;91.0,114.0,103.0,89.0,109.0,108.0,73.0,56.0,76.0,77.0,70.0,91.0,109.0,96.0,95.0,111.0,61.0,77.0,64.0,60.0,66.0,108.0,103.0,112.0,188.0;
108.0,114.0,85.0,99.0,85.0,112.0,64.0,77.0,72.0,71.0,84.0,88.0,94.0,110.0,85.0,109.0,84.0,79.0,83.0,63.0,65.0,107.0,112.0,87.0,20.0;94.0,88.0,106.0,97.0,94.0,108.0,60.0,76.0,64.0,70.0,73.0,102.0,90.0,105.0,103.0,95.0,85.0,81.0,82.0,61.0,72.0,97.0,95.0,92.0,64.0;94.0,110.0,100.0,108.0,109.0,105.0,64.0,59.0,70.0,69.0,58.0,98.0,93.0,102.0,114.0,88.0,59.0,58.0,81.0,58.0,62.0,107.0,85.0,106.0,115.0;
112.0,109.0,114.0,105.0,112.0,109.0,78.0,73.0,66.0,72.0,79.0,93.0,94.0,112.0,102.0,97.0,76.0,66.0,80.0,61.0,73.0,105.0,94.0,93.0,75.0;114.0,98.0,92.0,90.0,92.0,89.0,83.0,80.0,80.0,60.0,85.0,91.0,89.0,106.0,90.0,113.0,69.0,71.0,69.0,85.0,82.0,97.0,105.0,93.0,137.0;91.0,86.0,112.0,95.0,109.0,99.0,72.0,66.0,75.0,83.0,75.0,112.0,113.0,111.0,106.0,101.0,72.0,58.0,73.0,75.0,84.0,87.0,97.0,107.0,182.0;98.0,107.0,111.0,99.0,108.0,105.0,79.0,58.0,68.0,60.0,85.0,112.0,102.0,106.0,104.0,104.0,81.0,57.0,70.0,60.0,62.0,92.0,99.0,105.0,73.0;
103.0,94.0,105.0,110.0,110.0,91.0,63.0,61.0,76.0,58.0,66.0,104.0,108.0,89.0,111.0,101.0,81.0,62.0,67.0,75.0,69.0,99.0,90.0,108.0,93.0;102.0,99.0,104.0,92.0,90.0,102.0,63.0,60.0,71.0,77.0,69.0,104.0,109.0,113.0,108.0,86.0,76.0,83.0,82.0,83.0,69.0,93.0,107.0,105.0,200.0;91.0,104.0,112.0,111.0,98.0,105.0,82.0,57.0,84.0,83.0,67.0,96.0,97.0,88.0,95.0,87.0,72.0,58.0,64.0,63.0,62.0,96.0,112.0,109.0,117.0;103.0,104.0,96.0,114.0,102.0,104.0,64.0,64.0,77.0,58.0,60.0,102.0,89.0,114.0,105.0,97.0,74.0,82.0,79.0,70.0,85.0,105.0,106.0,107.0,54.0;101.0,109.0,101.0,102.0,94.0,103.0,74.0,66.0,67.0,56.0,60.0,114.0,103.0,113.0,107.0,103.0,82.0,69.0,68.0,77.0,84.0,102.0,102.0,107.0,78.0;
110.0,105.0,96.0,99.0,114.0,88.0,57.0,84.0,57.0,60.0,78.0,94.0,110.0,95.0,96.0,110.0,65.0,62.0,75.0,75.0,56.0,87.0,102.0,110.0,190.0;113.0,111.0,100.0,94.0,106.0,103.0,79.0,67.0,75.0,58.0,85.0,112.0,91.0,114.0,96.0,109.0,82.0,77.0,60.0,63.0,72.0,110.0,107.0,108.0,37.0;110.0,107.0,106.0,105.0,111.0,96.0,68.0,61.0,69.0,65.0,73.0,114.0,91.0,91.0,106.0,92.0,65.0,81.0,62.0,72.0,76.0,108.0,110.0,114.0,87.0;106.0,92.0,104.0,101.0,85.0,95.0,64.0,76.0,65.0,62.0,58.0,101.0,113.0,102.0,102.0,89.0,76.0,69.0,64.0,78.0,82.0,96.0,86.0,87.0,184.0;99.0,93.0,110.0,88.0,95.0,108.0,72.0,77.0,57.0,69.0,77.0,114.0,98.0,92.0,90.0,109.0,77.0,81.0,66.0,63.0,65.0,87.0,92.0,111.0,75.0;92.0,103.0,114.0,101.0,87.0,106.0,82.0,66.0,82.0,74.0,64.0,91.0,103.0,90.0,101.0,87.0,78.0,60.0,71.0,56.0,70.0,97.0,98.0,89.0,76.0;
87.0,109.0,110.0,92.0,100.0,108.0,83.0,56.0,79.0,56.0,61.0,91.0,111.0,89.0,101.0,96.0,70.0,58.0,58.0,76.0,66.0,111.0,91.0,111.0,136.0;87.0,106.0,103.0,98.0,86.0,86.0,83.0,71.0,63.0,73.0,64.0,99.0,100.0,91.0,105.0,88.0,58.0,74.0,58.0,78.0,77.0,108.0,94.0,106.0,5.0;105.0,99.0,91.0,102.0,113.0,102.0,75.0,77.0,74.0,57.0,56.0,87.0,91.0,89.0,92.0,96.0,57.0,83.0,57.0,67.0,73.0,91.0,95.0,94.0,191.0;98.0,92.0,113.0,91.0,109.0,95.0,84.0,73.0,63.0,63.0,67.0,101.0,85.0,94.0,113.0,97.0,64.0,64.0,72.0,81.0,69.0,94.0,109.0,96.0,4.0;99.0,85.0,104.0,108.0,99.0,103.0,68.0,64.0,69.0,71.0,77.0,95.0,97.0,95.0,101.0,95.0,71.0,76.0,61.0,79.0,64.0,96.0,105.0,113.0,13.0;103.0,107.0,93.0,86.0,100.0,104.0,84.0,60.0,61.0,59.0,81.0,111.0,110.0,108.0,112.0,111.0,66.0,73.0,57.0,79.0,78.0,105.0,100.0,92.0,154.0;89.0,105.0,95.0,95.0,86.0,108.0,81.0,82.0,66.0,72.0,76.0,96.0,102.0,100.0,100.0,98.0,66.0,80.0,71.0,68.0,68.0,100.0,101.0,88.0,104.0;
111.0,106.0,100.0,97.0,111.0,96.0,74.0,82.0,57.0,62.0,83.0,102.0,95.0,111.0,88.0,91.0,67.0,81.0,65.0,58.0,70.0,110.0,93.0,97.0,196.0;103.0,87.0,95.0,96.0,104.0,103.0,78.0,76.0,64.0,56.0,72.0,96.0,111.0,89.0,103.0,90.0,62.0,83.0,80.0,66.0,57.0,103.0,103.0,85.0,67.0;107.0,88.0,97.0,89.0,99.0,90.0,71.0,73.0,79.0,78.0,76.0,88.0,97.0,96.0,93.0,85.0,74.0,59.0,81.0,64.0,66.0,103.0,100.0,107.0,139.0;113.0,114.0,92.0,94.0,105.0,103.0,69.0,61.0,85.0,72.0,78.0,102.0,85.0,92.0,99.0,95.0,76.0,73.0,67.0,63.0,75.0,105.0,85.0,98.0,182.0;97.0,96.0,110.0,114.0,90.0,94.0,82.0,81.0,70.0,84.0,63.0,90.0,106.0,105.0,95.0,97.0,81.0,56.0,65.0,58.0,85.0,92.0,114.0,92.0,14.0;106.0,112.0,96.0,112.0,87.0,98.0,73.0,73.0,67.0,59.0,67.0,109.0,100.0,85.0,102.0,110.0,59.0,74.0,80.0,85.0,71.0,113.0,90.0,106.0,116.0;101.0,109.0,88.0,85.0,114.0,100.0,62.0,70.0,85.0,75.0,63.0,107.0,103.0,97.0,106.0,95.0,62.0,83.0,57.0,60.0,72.0,102.0,100.0,109.0,185.0;100.0,91.0,110.0,111.0,86.0,95.0,85.0,75.0,83.0,77.0,67.0,108.0,95.0,109.0,107.0,92.0,76.0,82.0,72.0,67.0,67.0,90.0,114.0,100.0,86.0;
91.0,98.0,103.0,86.0,95.0,87.0,76.0,75.0,71.0,60.0,70.0,99.0,89.0,111.0,104.0,94.0,61.0,74.0,63.0,77.0,63.0,89.0,92.0,98.0,141.0;91.0,105.0,87.0,114.0,99.0,113.0,83.0,82.0,80.0,80.0,78.0,108.0,90.0,111.0,111.0,101.0,83.0,67.0,82.0,75.0,73.0,109.0,88.0,104.0,33.0;112.0,88.0,86.0,89.0,91.0,89.0,71.0,83.0,82.0,76.0,77.0,103.0,86.0,93.0,112.0,94.0,78.0,75.0,63.0,64.0,83.0,86.0,106.0,85.0,54.0;90.0,89.0,100.0,105.0,103.0,108.0,60.0,56.0,64.0,69.0,68.0,112.0,85.0,104.0,92.0,110.0,83.0,65.0,62.0,57.0,78.0,90.0,112.0,86.0,98.0;109.0,114.0,114.0,104.0,90.0,91.0,64.0,79.0,61.0,59.0,67.0,92.0,98.0,106.0,113.0,101.0,59.0,85.0,62.0,73.0,85.0,108.0,86.0,92.0,89.0;112.0,103.0,103.0,85.0,104.0,102.0,58.0,61.0,65.0,57.0,66.0,100.0,104.0,95.0,92.0,101.0,84.0,58.0,60.0,75.0,62.0,105.0,111.0,97.0,75.0;101.0,107.0,96.0,92.0,90.0,103.0,84.0,74.0,62.0,80.0,82.0,90.0,90.0,101.0,104.0,99.0,60.0,80.0,67.0,84.0,85.0,96.0,103.0,112.0,65.0;108.0,95.0,102.0,99.0,94.0,97.0,81.0,71.0,60.0,79.0,65.0,102.0,113.0,104.0,109.0,110.0,83.0,66.0,84.0,62.0,71.0,108.0,93.0,105.0,153.0;111.0,97.0,88.0,95.0,105.0,91.0,62.0,67.0,71.0,57.0,85.0,96.0,111.0,98.0,89.0,101.0,73.0,75.0,73.0,77.0,69.0,88.0,90.0,114.0,65.0;
110.0,94.0,103.0,101.0,96.0,102.0,73.0,79.0,59.0,79.0,67.0,90.0,106.0,85.0,111.0,91.0,64.0,82.0,56.0,85.0,83.0,102.0,92.0,100.0,90.0;107.0,94.0,100.0,100.0,100.0,88.0,66.0,71.0,85.0,66.0,69.0,101.0,93.0,110.0,88.0,109.0,81.0,78.0,73.0,59.0,84.0,99.0,87.0,111.0,34.0;89.0,94.0,87.0,109.0,101.0,112.0,77.0,78.0,60.0,58.0,59.0,95.0,110.0,99.0,90.0,105.0,63.0,70.0,58.0,63.0,63.0,97.0,86.0,86.0,3.0;88.0,97.0,110.0,93.0,94.0,106.0,71.0,59.0,56.0,84.0,82.0,105.0,101.0,102.0,95.0,99.0,62.0,76.0,62.0,72.0,68.0,88.0,99.0,102.0,67.0;93.0,94.0,106.0,101.0,108.0,114.0,64.0,73.0,59.0,76.0,84.0,88.0,107.0,95.0,90.0,114.0,71.0,75.0,69.0,56.0,57.0,91.0,111.0,96.0,198.0;110.0,111.0,110.0,90.0,109.0,91.0,75.0,65.0,60.0,68.0,61.0,90.0,93.0,103.0,97.0,86.0,73.0,75.0,85.0,62.0,76.0,94.0,97.0,99.0,99.0;95.0,92.0,104.0,104.0,100.0,103.0,81.0,73.0,85.0,74.0,67.0,114.0,94.0,102.0,109.0,85.0,82.0,73.0,65.0,81.0,73.0,91.0,111.0,100.0,93.0;114.0,92.0,85.0,106.0,101.0,91.0,63.0,69.0,72.0,85.0,63.0,112.0,85.0,91.0,113.0,91.0,66.0,65.0,80.0,76.0,79.0,97.0,105.0,104.0,42.0;93.0,109.0,110.0,93.0,105.0,93.0,60.0,84.0,62.0,62.0,79.0,85.0,108.0,93.0,108.0,86.0,62.0,57.0,82.0,61.0,83.0,113.0,112.0,93.0,132.0;93.0,109.0,114.0,91.0,98.0,102.0,77.0,60.0,63.0,74.0,69.0,96.0,88.0,86.0,105.0,93.0,72.0,65.0,58.0,63.0,66.0,89.0,94.0,92.0,48.0;
