1
222.1398 295.6943811381385
224.05167 295.6943811381385
215.220266 295.6943811381385
226.529451 295.6943811381385
234.691941 295.6943811381385
223.239095 295.6943811381385
222.698784 295.6943811381385
224.162503 295.6943811381385
216.297574 295.6943811381385
216.619532 295.6943811381385
215.482891 295.6943811381385
224.6992 295.6943811381385
216.801443 295.6943811381385
216.706874 295.6943811381385
223.289392 295.6943811381385
215.596736 295.6943811381385
217.239053 295.6943811381385
215.848219 295.6943811381385
218.537125 295.6943811381385
216.225292 295.6943811381385
217.059853 295.6943811381385
219.945426 295.6943811381385
216.142769 295.6943811381385
218.534113 295.6943811381385
221.422096 295.6943811381385
220.40171 295.6943811381385
217.547759 295.6943811381385
221.596478 295.6943811381385
219.289163 295.6943811381385
216.946309 295.6943811381385
221.923254 295.6943811381385
215.069677 295.6943811381385
216.342449 295.6943811381385
219.875252 295.6943811381385
215.260021 295.6943811381385
217.172191 295.6943811381385
219.797248 295.6943811381385
216.74663 295.6943811381385
216.527071 295.6943811381385
218.648861 295.6943811381385
216.021998 295.6943811381385
223.868856 295.6943811381385
216.913481 295.6943811381385
217.515834 295.6943811381385
219.340363 295.6943811381385
215.561498 295.6943811381385
217.638413 295.6943811381385
217.163156 295.6943811381385
217.44807 295.6943811381385
218.831976 295.6943811381385
215.836775 295.6943811381385
225.539482 295.6943811381385
215.913876 295.6943811381385
218.047712 295.6943811381385
220.078547 295.6943811381385
217.651966 295.6943811381385
220.231544 295.6943811381385
216.230412 295.6943811381385
221.436552 295.6943811381385
216.93125 295.6943811381385
223.791754 295.6943811381385
214.665799 295.6943811381385
216.437019 295.6943811381385
216.021998 295.6943811381385
215.019381 295.6943811381385
221.558831 295.6943811381385
215.516925 295.6943811381385
218.362442 295.6943811381385
215.139249 295.6943811381385
219.87194 295.6943811381385
216.054224 295.6943811381385
216.573452 295.6943811381385
217.237547 295.6943811381385
215.82292 295.6943811381385
226.277968 295.6943811381385
215.509998 295.6943811381385
221.6022 295.6943811381385
217.071297 295.6943811381385
219.791224 295.6943811381385
215.082929 295.6943811381385
216.307213 295.6943811381385
221.662435 295.6943811381385
214.884754 295.6943811381385
220.685117 295.6943811381385
220.583922 295.6943811381385
217.458912 295.6943811381385
220.709813 295.6943811381385
216.49093 295.6943811381385
220.859498 295.6943811381385
222.113598 295.6943811381385
215.620831 295.6943811381385
218.567242 295.6943811381385
226.698411 295.6943811381385
216.52677 295.6943811381385
218.962988 295.6943811381385
216.476474 295.6943811381385
215.759071 295.6943811381385
224.458258 295.6943811381385
218.688315 295.6943811381385
219.699064 295.6943811381385
-
2
220.14089 655.8346724278663
222.048543 655.8346724278663
218.633501 655.8346724278663
221.676892 655.8346724278663
220.451102 655.8346724278663
222.60542 655.8346724278663
221.618764 655.8346724278663
222.48013 655.8346724278663
220.663131 655.8346724278663
222.634633 655.8346724278663
221.041408 655.8346724278663
221.954276 655.8346724278663
217.681181 655.8346724278663
220.199921 655.8346724278663
226.369827 655.8346724278663
218.977746 655.8346724278663
223.42974 655.8346724278663
220.420984 655.8346724278663
221.8582 655.8346724278663
220.125229 655.8346724278663
219.692138 655.8346724278663
224.700405 655.8346724278663
220.662528 655.8346724278663
222.610239 655.8346724278663
222.624093 655.8346724278663
225.054287 655.8346724278663
226.715578 655.8346724278663
220.128542 655.8346724278663
223.207471 655.8346724278663
219.117492 655.8346724278663
219.76442 655.8346724278663
223.435763 655.8346724278663
219.446979 655.8346724278663
220.98298 655.8346724278663
224.526926 655.8346724278663
219.098819 655.8346724278663
220.812213 655.8346724278663
224.054381 655.8346724278663
221.751584 655.8346724278663
219.097313 655.8346724278663
222.709024 655.8346724278663
227.509479 655.8346724278663
219.428005 655.8346724278663
221.33355 655.8346724278663
222.769561 655.8346724278663
219.6057 655.8346724278663
220.407733 655.8346724278663
225.585563 655.8346724278663
219.604796 655.8346724278663
219.868025 655.8346724278663
223.943548 655.8346724278663
220.436043 655.8346724278663
220.423394 655.8346724278663
222.832506 655.8346724278663
226.704435 655.8346724278663
219.855677 655.8346724278663
225.31089 655.8346724278663
218.232936 655.8346724278663
220.99804 655.8346724278663
225.560866 655.8346724278663
221.296806 655.8346724278663
222.48013 655.8346724278663
220.246604 655.8346724278663
219.821342 655.8346724278663
227.109516 655.8346724278663
218.861191 655.8346724278663
222.092516 655.8346724278663
226.152679 655.8346724278663
218.872936 655.8346724278663
223.504733 655.8346724278663
218.6332 655.8346724278663
221.84284 655.8346724278663
220.798359 655.8346724278663
223.441486 655.8346724278663
219.255431 655.8346724278663
221.565757 655.8346724278663
219.18074 655.8346724278663
219.820739 655.8346724278663
227.464303 655.8346724278663
218.257633 655.8346724278663
223.481241 655.8346724278663
218.663919 655.8346724278663
222.94364 655.8346724278663
229.631571 655.8346724278663
219.712617 655.8346724278663
222.192507 655.8346724278663
220.343582 655.8346724278663
220.953164 655.8346724278663
224.310381 655.8346724278663
219.18586 655.8346724278663
222.244911 655.8346724278663
226.366514 655.8346724278663
220.923347 655.8346724278663
220.960091 655.8346724278663
224.00047 655.8346724278663
219.134057 655.8346724278663
220.398096 655.8346724278663
222.566869 655.8346724278663
226.366513 655.8346724278663
220.524891 655.8346724278663
-
3
219.67226 334.9049607797838
220.056862 334.9049607797838
223.082785 334.9049607797838
218.378705 334.9049607797838
217.282122 334.9049607797838
222.787631 334.9049607797838
222.16028 334.9049607797838
219.287356 334.9049607797838
220.86251 334.9049607797838
224.140216 334.9049607797838
216.763495 334.9049607797838
221.869644 334.9049607797838
218.538932 334.9049607797838
221.054961 334.9049607797838
218.435929 334.9049607797838
221.50492 334.9049607797838
217.033952 334.9049607797838
224.345618 334.9049607797838
218.516645 334.9049607797838
225.769582 334.9049607797838
217.585708 334.9049607797838
227.236011 334.9049607797838
217.029735 334.9049607797838
218.885285 334.9049607797838
222.024751 334.9049607797838
216.681274 334.9049607797838
226.756839 334.9049607797838
220.289672 334.9049607797838
220.362858 334.9049607797838
223.20958 334.9049607797838
216.967392 334.9049607797838
217.182432 334.9049607797838
225.968058 334.9049607797838
217.799543 334.9049607797838
236.89023 334.9049607797838
226.903211 334.9049607797838
217.91128 334.9049607797838
218.122404 334.9049607797838
223.080977 334.9049607797838
217.199297 334.9049607797838
227.257997 334.9049607797838
217.959167 334.9049607797838
217.700456 334.9049607797838
225.688264 334.9049607797838
217.598658 334.9049607797838
217.227307 334.9049607797838
218.814508 334.9049607797838
216.203608 334.9049607797838
221.88621 334.9049607797838
217.707985 334.9049607797838
226.243032 334.9049607797838
217.732381 334.9049607797838
216.660493 334.9049607797838
219.088881 334.9049607797838
217.690517 334.9049607797838
221.157362 334.9049607797838
216.441537 334.9049607797838
223.234578 334.9049607797838
216.935768 334.9049607797838
227.442317 334.9049607797838
217.506799 334.9049607797838
217.176408 334.9049607797838
221.083272 334.9049607797838
217.45831 334.9049607797838
221.755198 334.9049607797838
219.555704 334.9049607797838
223.78302 334.9049607797838
216.06356 334.9049607797838
221.199225 334.9049607797838
217.125509 334.9049607797838
220.449596 334.9049607797838
217.152917 334.9049607797838
220.429719 334.9049607797838
218.797943 334.9049607797838
220.714331 334.9049607797838
217.478488 334.9049607797838
219.456316 334.9049607797838
225.691276 334.9049607797838
217.344766 334.9049607797838
222.462661 334.9049607797838
218.040785 334.9049607797838
221.631113 334.9049607797838
229.583081 334.9049607797838
218.496767 334.9049607797838
221.034181 334.9049607797838
217.673953 334.9049607797838
221.946445 334.9049607797838
218.316362 334.9049607797838
222.245513 334.9049607797838
217.1743 334.9049607797838
226.632453 334.9049607797838
218.609708 334.9049607797838
216.96709 334.9049607797838
221.179047 334.9049607797838
218.056446 334.9049607797838
219.202424 334.9049607797838
222.077457 334.9049607797838
216.930347 334.9049607797838
216.929744 334.9049607797838
219.234951 334.9049607797838
-
4
220.559225 387.256262363045
223.665562 387.256262363045
213.216235 387.256262363045
215.325677 387.256262363045
217.631486 387.256262363045
215.652454 387.256262363045
213.81106 387.256262363045
216.462319 387.256262363045
214.403173 387.256262363045
222.768657 387.256262363045
214.000199 387.256262363045
214.927823 387.256262363045
215.118769 387.256262363045
214.377272 387.256262363045
219.072316 387.256262363045
213.750523 387.256262363045
222.329842 387.256262363045
214.399258 387.256262363045
213.640895 387.256262363045
221.650689 387.256262363045
214.229093 387.256262363045
216.569236 387.256262363045
215.693414 387.256262363045
218.972927 387.256262363045
213.63969 387.256262363045
220.457427 387.256262363045
214.746816 387.256262363045
220.968223 387.256262363045
215.188642 387.256262363045
221.969636 387.256262363045
214.662787 387.256262363045
223.723689 387.256262363045
214.104406 387.256262363045
219.575582 387.256262363045
217.090572 387.256262363045
214.308905 387.256262363045
221.600092 387.256262363045
215.061244 387.256262363045
213.699323 387.256262363045
220.23546 387.256262363045
213.906533 387.256262363045
215.073593 387.256262363045
220.668853 387.256262363045
214.743503 387.256262363045
225.185299 387.256262363045
216.899928 387.256262363045
220.791432 387.256262363045
212.843078 387.256262363045
214.174881 387.256262363045
217.752258 387.256262363045
213.743596 387.256262363045
214.520933 387.256262363045
222.098841 387.256262363045
215.730158 387.256262363045
217.736597 387.256262363045
213.884848 387.256262363045
216.894507 387.256262363045
215.795513 387.256262363045
218.615129 387.256262363045
217.40982 387.256262363045
215.746722 387.256262363045
213.930627 387.256262363045
220.81131 387.256262363045
215.234119 387.256262363045
215.262732 387.256262363045
217.327599 387.256262363045
214.48931 387.256262363045
222.733118 387.256262363045
213.485187 387.256262363045
215.764492 387.256262363045
221.69436 387.256262363045
214.157413 387.256262363045
213.932434 387.256262363045
218.004644 387.256262363045
216.323777 387.256262363045
215.594929 387.256262363045
215.033235 387.256262363045
213.557168 387.256262363045
217.998621 387.256262363045
215.020285 387.256262363045
213.967371 387.256262363045
215.004322 387.256262363045
213.755644 387.256262363045
218.661811 387.256262363045
214.459193 387.256262363045
220.606509 387.256262363045
214.465517 387.256262363045
213.862561 387.256262363045
216.796625 387.256262363045
215.328689 387.256262363045
218.34407 387.256262363045
216.336125 387.256262363045
219.291573 387.256262363045
215.644021 387.256262363045
219.744844 387.256262363045
215.205207 387.256262363045
221.89133 387.256262363045
216.442441 387.256262363045
222.185277 387.256262363045
214.828435 387.256262363045
-
5
225.755727 711.1798220444127
216.4063 711.1798220444127
218.481708 711.1798220444127
221.691951 711.1798220444127
218.375392 711.1798220444127
225.209092 711.1798220444127
218.279619 711.1798220444127
217.400785 711.1798220444127
221.908798 711.1798220444127
217.068286 711.1798220444127
217.037867 711.1798220444127
224.500423 711.1798220444127
215.167559 711.1798220444127
218.461529 711.1798220444127
222.172327 711.1798220444127
219.327111 711.1798220444127
219.996326 711.1798220444127
219.402707 711.1798220444127
217.935675 711.1798220444127
225.330467 711.1798220444127
220.44026 711.1798220444127
217.07461 711.1798220444127
223.881505 711.1798220444127
218.48231 711.1798220444127
218.091986 711.1798220444127
220.90106 711.1798220444127
217.44054 711.1798220444127
222.778295 711.1798220444127
216.350582 711.1798220444127
226.780933 711.1798220444127
216.818008 711.1798220444127
217.646244 711.1798220444127
219.805982 711.1798220444127
217.225199 711.1798220444127
226.06865 711.1798220444127
217.242366 711.1798220444127
224.445007 711.1798220444127
218.511525 711.1798220444127
225.830118 711.1798220444127
219.379817 711.1798220444127
216.85445 711.1798220444127
217.23574 711.1798220444127
217.744428 711.1798220444127
224.745581 711.1798220444127
217.691119 711.1798220444127
220.51706 711.1798220444127
215.782563 711.1798220444127
222.761429 711.1798220444127
220.258048 711.1798220444127
218.490744 711.1798220444127
217.253208 711.1798220444127
217.917002 711.1798220444127
226.608058 711.1798220444127
218.454602 711.1798220444127
222.027462 711.1798220444127
217.723345 711.1798220444127
220.68843 711.1798220444127
218.074517 711.1798220444127
224.299538 711.1798220444127
224.420913 711.1798220444127
216.095786 711.1798220444127
220.787818 711.1798220444127
216.517433 711.1798220444127
218.014282 711.1798220444127
223.273731 711.1798220444127
217.564023 711.1798220444127
222.746972 711.1798220444127
222.965627 711.1798220444127
216.505085 711.1798220444127
220.528204 711.1798220444127
219.168391 711.1798220444127
219.28856 711.1798220444127
226.52915 711.1798220444127
217.376992 711.1798220444127
223.116215 711.1798220444127
217.909171 711.1798220444127
221.330237 711.1798220444127
217.256822 711.1798220444127
220.225822 711.1798220444127
218.142282 711.1798220444127
224.438983 711.1798220444127
217.595044 711.1798220444127
221.985297 711.1798220444127
220.243592 711.1798220444127
222.88973 711.1798220444127
217.475778 711.1798220444127
220.815828 711.1798220444127
217.15382 711.1798220444127
222.421702 711.1798220444127
216.678563 711.1798220444127
216.841801 711.1798220444127
224.566682 711.1798220444127
216.135842 711.1798220444127
221.511545 711.1798220444127
216.919204 711.1798220444127
217.891402 711.1798220444127
223.563764 711.1798220444127
217.357114 711.1798220444127
222.063301 711.1798220444127
226.725817 711.1798220444127
-
6
218.76873 769.5296242595798
221.266689 769.5296242595798
219.767431 769.5296242595798
221.649183 769.5296242595798
217.782978 769.5296242595798
221.798868 769.5296242595798
218.471468 769.5296242595798
223.239396 769.5296242595798
218.659704 769.5296242595798
217.998319 769.5296242595798
225.1856 769.5296242595798
219.502094 769.5296242595798
221.951565 769.5296242595798
218.947026 769.5296242595798
222.178351 769.5296242595798
226.359587 769.5296242595798
218.470565 769.5296242595798
220.647771 769.5296242595798
217.174902 769.5296242595798
218.293473 769.5296242595798
224.969054 769.5296242595798
218.278113 769.5296242595798
221.455526 769.5296242595798
223.241203 769.5296242595798
220.425201 769.5296242595798
224.170032 769.5296242595798
222.569579 769.5296242595798
217.548061 769.5296242595798
219.218085 769.5296242595798
223.124046 769.5296242595798
218.298894 769.5296242595798
219.506913 769.5296242595798
221.830492 769.5296242595798
225.967756 769.5296242595798
219.143092 769.5296242595798
225.281374 769.5296242595798
222.313579 769.5296242595798
219.462941 769.5296242595798
220.433333 769.5296242595798
227.671512 769.5296242595798
218.93769 769.5296242595798
222.162389 769.5296242595798
218.268776 769.5296242595798
225.644894 769.5296242595798
219.528298 769.5296242595798
225.091935 769.5296242595798
217.271279 769.5296242595798
220.59898 769.5296242595798
219.464448 769.5296242595798
217.891703 769.5296242595798
221.922049 769.5296242595798
217.954649 769.5296242595798
223.954992 769.5296242595798
217.705576 769.5296242595798
226.674617 769.5296242595798
219.015092 769.5296242595798
220.072523 769.5296242595798
219.021717 769.5296242595798
217.874536 769.5296242595798
220.624881 769.5296242595798
218.169087 769.5296242595798
222.548798 769.5296242595798
217.878753 769.5296242595798
220.424599 769.5296242595798
218.619346 769.5296242595798
222.417184 769.5296242595798
218.945219 769.5296242595798
222.980686 769.5296242595798
217.85014 769.5296242595798
221.75821 769.5296242595798
220.428815 769.5296242595798
219.074725 769.5296242595798
225.644593 769.5296242595798
218.15734 769.5296242595798
222.384657 769.5296242595798
219.688523 769.5296242595798
221.616657 769.5296242595798
225.88433 769.5296242595798
218.47448 769.5296242595798
222.428026 769.5296242595798
218.132645 769.5296242595798
221.810614 769.5296242595798
217.26917 769.5296242595798
223.893251 769.5296242595798
219.632203 769.5296242595798
221.421795 769.5296242595798
218.142282 769.5296242595798
218.26215 769.5296242595798
226.990552 769.5296242595798
217.910376 769.5296242595798
222.373212 769.5296242595798
217.855562 769.5296242595798
220.323705 769.5296242595798
227.469724 769.5296242595798
217.691119 769.5296242595798
221.879282 769.5296242595798
217.435119 769.5296242595798
222.370502 769.5296242595798
223.044234 769.5296242595798
217.916399 769.5296242595798
-
7
221.670266 461.5961712705663
225.044649 461.5961712705663
219.417464 461.5961712705663
221.132666 461.5961712705663
223.99535 461.5961712705663
219.41114 461.5961712705663
222.745166 461.5961712705663
218.472371 461.5961712705663
219.19881 461.5961712705663
228.284407 461.5961712705663
221.881391 461.5961712705663
224.548913 461.5961712705663
220.838717 461.5961712705663
222.371707 461.5961712705663
218.310037 461.5961712705663
223.623999 461.5961712705663
221.017314 461.5961712705663
223.513166 461.5961712705663
218.085359 461.5961712705663
222.165702 461.5961712705663
219.431619 461.5961712705663
222.035593 461.5961712705663
218.403703 461.5961712705663
221.380534 461.5961712705663
218.982867 461.5961712705663
220.720655 461.5961712705663
228.691598 461.5961712705663
219.489746 461.5961712705663
223.701401 461.5961712705663
219.290367 461.5961712705663
222.535546 461.5961712705663
219.586425 461.5961712705663
220.752279 461.5961712705663
226.612876 461.5961712705663
220.822754 461.5961712705663
223.371312 461.5961712705663
219.076833 461.5961712705663
223.845063 461.5961712705663
222.705109 461.5961712705663
224.582042 461.5961712705663
218.929257 461.5961712705663
219.568354 461.5961712705663
222.459649 461.5961712705663
228.975909 461.5961712705663
224.535059 461.5961712705663
218.385632 461.5961712705663
227.338411 461.5961712705663
220.339366 461.5961712705663
223.203556 461.5961712705663
221.718454 461.5961712705663
219.843327 461.5961712705663
222.878888 461.5961712705663
221.045023 461.5961712705663
224.475124 461.5961712705663
222.703602 461.5961712705663
232.986378 461.5961712705663
227.884444 461.5961712705663
229.798724 461.5961712705663
223.466785 461.5961712705663
228.637387 461.5961712705663
233.51916 461.5961712705663
227.866072 461.5961712705663
219.858989 461.5961712705663
221.398906 461.5961712705663
222.704205 461.5961712705663
223.736338 461.5961712705663
225.905714 461.5961712705663
218.625068 461.5961712705663
219.247901 461.5961712705663
226.487286 461.5961712705663
222.672582 461.5961712705663
223.828197 461.5961712705663
227.298656 461.5961712705663
223.868856 461.5961712705663
222.632826 461.5961712705663
222.079264 461.5961712705663
221.863923 461.5961712705663
221.772967 461.5961712705663
226.124368 461.5961712705663
221.048938 461.5961712705663
230.586602 461.5961712705663
221.766342 461.5961712705663
228.222063 461.5961712705663
233.806481 461.5961712705663
230.141161 461.5961712705663
226.254476 461.5961712705663
224.473016 461.5961712705663
223.901383 461.5961712705663
222.593674 461.5961712705663
217.888089 461.5961712705663
225.318721 461.5961712705663
223.305354 461.5961712705663
219.393972 461.5961712705663
220.692646 461.5961712705663
218.966 461.5961712705663
222.339781 461.5961712705663
224.938937 461.5961712705663
227.642298 461.5961712705663
359.610699 461.5961712705663
258.583385 461.5961712705663
-
8
229.751439 553.090947533416
227.677837 553.090947533416
224.808226 553.090947533416
220.65259 553.090947533416
232.019902 553.090947533416
220.645061 553.090947533416
233.29659 553.090947533416
220.918529 553.090947533416
234.325109 553.090947533416
222.888224 553.090947533416
223.31198 553.090947533416
222.481636 553.090947533416
222.934605 553.090947533416
232.611714 553.090947533416
220.861004 553.090947533416
227.311908 553.090947533416
229.496342 553.090947533416
227.749819 553.090947533416
226.538787 553.090947533416
227.289922 553.090947533416
238.700603 553.090947533416
224.684744 553.090947533416
226.361996 553.090947533416
228.068764 553.090947533416
231.800946 553.090947533416
234.05947 553.090947533416
228.513903 553.090947533416
229.148182 553.090947533416
231.088663 553.090947533416
226.010222 553.090947533416
225.372631 553.090947533416
227.876915 553.090947533416
223.133683 553.090947533416
222.595481 553.090947533416
225.196442 553.090947533416
230.604371 553.090947533416
222.613551 553.090947533416
227.547729 553.090947533416
229.650244 553.090947533416
221.358246 553.090947533416
227.118252 553.090947533416
238.234081 553.090947533416
231.020597 553.090947533416
236.664047 553.090947533416
226.34242 553.090947533416
225.380161 553.090947533416
221.759414 553.090947533416
231.037162 553.090947533416
222.681315 553.090947533416
221.111884 553.090947533416
225.059709 553.090947533416
222.490671 553.090947533416
224.811539 553.090947533416
223.430041 553.090947533416
226.594806 553.090947533416
221.114594 553.090947533416
233.183649 553.090947533416
222.137391 553.090947533416
221.534134 553.090947533416
220.815827 553.090947533416
222.728902 553.090947533416
228.140746 553.090947533416
223.419199 553.090947533416
231.253407 553.090947533416
222.255151 553.090947533416
228.911758 553.090947533416
221.613042 553.090947533416
223.071039 553.090947533416
222.15516 553.090947533416
223.208074 553.090947533416
230.066168 553.090947533416
221.390171 553.090947533416
227.423042 553.090947533416
220.992015 553.090947533416
225.311793 553.090947533416
221.504017 553.090947533416
233.999235 553.090947533416
227.779635 553.090947533416
220.758001 553.090947533416
224.819671 553.090947533416
222.365381 553.090947533416
222.053965 553.090947533416
226.107502 553.090947533416
222.303339 553.090947533416
224.591378 553.090947533416
226.898994 553.090947533416
221.372703 553.090947533416
223.637552 553.090947533416
226.666185 553.090947533416
221.480825 553.090947533416
231.121491 553.090947533416
226.265018 553.090947533416
221.253437 553.090947533416
223.694775 553.090947533416
224.985318 553.090947533416
233.118895 553.090947533416
221.812722 553.090947533416
227.046873 553.090947533416
224.874786 553.090947533416
220.723968 553.090947533416
-
9
216.459307 224.99819273281167
220.819141 224.99819273281167
217.791713 224.99819273281167
217.472766 224.99819273281167
221.773268 224.99819273281167
216.558092 224.99819273281167
217.91399 224.99819273281167
219.761709 224.99819273281167
224.89647 224.99819273281167
215.767804 224.99819273281167
220.042104 224.99819273281167
218.000729 224.99819273281167
216.894808 224.99819273281167
223.562559 224.99819273281167
218.880466 224.99819273281167
219.000636 224.99819273281167
218.580494 224.99819273281167
217.378196 224.99819273281167
221.684421 224.99819273281167
216.868907 224.99819273281167
220.724872 224.99819273281167
226.745997 224.99819273281167
215.484699 224.99819273281167
220.174923 224.99819273281167
219.318076 224.99819273281167
220.873954 224.99819273281167
215.967485 224.99819273281167
223.659538 224.99819273281167
216.31685 224.99819273281167
220.406829 224.99819273281167
216.168972 224.99819273281167
216.610196 224.99819273281167
225.041036 224.99819273281167
216.713499 224.99819273281167
221.340779 224.99819273281167
216.346365 224.99819273281167
218.691327 224.99819273281167
225.282579 224.99819273281167
219.471977 224.99819273281167
223.605627 224.99819273281167
218.088672 224.99819273281167
227.39202 224.99819273281167
217.88839 224.99819273281167
218.050122 224.99819273281167
218.762103 224.99819273281167
216.796323 224.99819273281167
227.416717 224.99819273281167
217.400484 224.99819273281167
224.747991 224.99819273281167
216.773735 224.99819273281167
219.379215 224.99819273281167
216.858064 224.99819273281167
221.084477 224.99819273281167
216.459005 224.99819273281167
216.785481 224.99819273281167
223.380046 224.99819273281167
216.103014 224.99819273281167
220.631207 224.99819273281167
216.72404 224.99819273281167
220.039996 224.99819273281167
225.09856 224.99819273281167
216.721631 224.99819273281167
220.097219 224.99819273281167
216.689406 224.99819273281167
219.743337 224.99819273281167
217.634498 224.99819273281167
222.469889 224.99819273281167
217.751957 224.99819273281167
225.200357 224.99819273281167
216.370459 224.99819273281167
220.811611 224.99819273281167
219.584015 224.99819273281167
215.949415 224.99819273281167
216.08645 224.99819273281167
220.797757 224.99819273281167
217.394159 224.99819273281167
218.15975 224.99819273281167
217.123702 224.99819273281167
215.760276 224.99819273281167
225.669892 224.99819273281167
216.553575 224.99819273281167
215.514817 224.99819273281167
223.554427 224.99819273281167
216.102713 224.99819273281167
217.063467 224.99819273281167
218.376899 224.99819273281167
216.152709 224.99819273281167
222.704808 224.99819273281167
216.146384 224.99819273281167
227.723617 224.99819273281167
221.796459 224.99819273281167
216.323777 224.99819273281167
220.488448 224.99819273281167
218.595854 224.99819273281167
223.698088 224.99819273281167
217.09509 224.99819273281167
216.134638 224.99819273281167
222.132873 224.99819273281167
218.620249 224.99819273281167
220.838416 224.99819273281167
-
10
214.374863 502.5238306187982
220.389361 502.5238306187982
217.889896 502.5238306187982
221.694661 502.5238306187982
216.719824 502.5238306187982
224.023058 502.5238306187982
216.563514 502.5238306187982
226.198758 502.5238306187982
215.885264 502.5238306187982
224.656734 502.5238306187982
215.668417 502.5238306187982
216.066873 502.5238306187982
219.177125 502.5238306187982
220.792938 502.5238306187982
226.978204 502.5238306187982
216.97462 502.5238306187982
218.321482 502.5238306187982
221.860609 502.5238306187982
215.184426 502.5238306187982
216.289142 502.5238306187982
221.537145 502.5238306187982
217.620644 502.5238306187982
216.665914 502.5238306187982
216.171682 502.5238306187982
218.228418 502.5238306187982
216.801142 502.5238306187982
216.833368 502.5238306187982
221.182359 502.5238306187982
216.532493 502.5238306187982
215.826233 502.5238306187982
226.214419 502.5238306187982
217.196587 502.5238306187982
215.865989 502.5238306187982
216.421057 502.5238306187982
217.506197 502.5238306187982
218.020907 502.5238306187982
215.682873 502.5238306187982
218.192579 502.5238306187982
215.119672 502.5238306187982
218.831073 502.5238306187982
219.012381 502.5238306187982
218.304918 502.5238306187982
216.549961 502.5238306187982
219.103939 502.5238306187982
217.038168 502.5238306187982
222.680111 502.5238306187982
215.562101 502.5238306187982
216.249386 502.5238306187982
223.0102 502.5238306187982
216.835175 502.5238306187982
215.522647 502.5238306187982
219.000937 502.5238306187982
215.564209 502.5238306187982
216.146987 502.5238306187982
216.413829 502.5238306187982
215.903936 502.5238306187982
220.483329 502.5238306187982
216.982149 502.5238306187982
215.687391 502.5238306187982
216.9951 502.5238306187982
214.972096 502.5238306187982
219.654791 502.5238306187982
216.98998 502.5238306187982
222.589758 502.5238306187982
215.96899 502.5238306187982
215.548247 502.5238306187982
217.730874 502.5238306187982
216.622544 502.5238306187982
220.058067 502.5238306187982
215.702449 502.5238306187982
220.697766 502.5238306187982
217.663712 502.5238306187982
221.23898 502.5238306187982
216.090666 502.5238306187982
222.721372 502.5238306187982
216.219871 502.5238306187982
227.996784 502.5238306187982
216.362027 502.5238306187982
225.289205 502.5238306187982
215.665404 502.5238306187982
219.596062 502.5238306187982
220.860402 502.5238306187982
220.113183 502.5238306187982
222.569278 502.5238306187982
217.027025 502.5238306187982
218.05464 502.5238306187982
221.168807 502.5238306187982
215.79732 502.5238306187982
215.444642 502.5238306187982
221.705202 502.5238306187982
215.989772 502.5238306187982
217.532098 502.5238306187982
214.990468 502.5238306187982
218.236852 502.5238306187982
216.298779 502.5238306187982
215.573546 502.5238306187982
220.72939 502.5238306187982
218.652175 502.5238306187982
216.057838 502.5238306187982
225.773799 502.5238306187982
-
