1
41241.129894 1464.3038523552364
38053.972973 1464.3038523552364
38016.058741 1464.3038523552364
38197.816167 1464.3038523552364
37064.864727 1464.3038523552364
39679.640757 1464.3038523552364
35726.424641 1464.3038523552364
35758.512007 1464.3038523552364
35922.053663 1464.3038523552364
35933.370378 1464.3038523552364
35179.456436 1464.3038523552364
38046.24267 1464.3038523552364
30504.382422 1464.3038523552364
30750.476311 1464.3038523552364
35867.145538 1464.3038523552364
31204.164069 1464.3038523552364
30584.802022 1464.3038523552364
38438.469601 1464.3038523552364
30471.066858 1464.3038523552364
30543.443835 1464.3038523552364
30623.022248 1464.3038523552364
30564.041309 1464.3038523552364
30807.983291 1464.3038523552364
32041.541904 1464.3038523552364
30937.092019 1464.3038523552364
30588.143878 1464.3038523552364
30698.144451 1464.3038523552364
31333.898039 1464.3038523552364
30673.451877 1464.3038523552364
30555.650828 1464.3038523552364
30690.598769 1464.3038523552364
32345.577371 1464.3038523552364
31003.058751 1464.3038523552364
30616.043683 1464.3038523552364
30674.056339 1464.3038523552364
31974.30511 1464.3038523552364
30577.540953 1464.3038523552364
31220.982378 1464.3038523552364
30721.02635 1464.3038523552364
32543.976315 1464.3038523552364
30628.612389 1464.3038523552364
30558.068373 1464.3038523552364
30788.886881 1464.3038523552364
31487.239746 1464.3038523552364
30864.794251 1464.3038523552364
30612.887049 1464.3038523552364
30661.905967 1464.3038523552364
32290.932775 1464.3038523552364
30803.802356 1464.3038523552364
30599.406682 1464.3038523552364
30640.712765 1464.3038523552364
32048.170804 1464.3038523552364
30772.37788 1464.3038523552364
30568.272842 1464.3038523552364
30649.049637 1464.3038523552364
31385.27005 1464.3038523552364
30698.355877 1464.3038523552364
30532.477991 1464.3038523552364
30624.549213 1464.3038523552364
32302.638307 1464.3038523552364
30926.841771 1464.3038523552364
30557.351271 1464.3038523552364
30615.880144 1464.3038523552364
31363.431728 1464.3038523552364
30818.795835 1464.3038523552364
30585.195057 1464.3038523552364
30685.736874 1464.3038523552364
32365.501113 1464.3038523552364
31009.115414 1464.3038523552364
30572.053513 1464.3038523552364
30670.479564 1464.3038523552364
31500.335812 1464.3038523552364
30739.38337 1464.3038523552364
30859.025512 1464.3038523552364
30752.855005 1464.3038523552364
31874.819821 1464.3038523552364
30597.29724 1464.3038523552364
30553.22756 1464.3038523552364
30762.357431 1464.3038523552364
31353.865151 1464.3038523552364
30749.191793 1464.3038523552364
30563.051341 1464.3038523552364
30623.037005 1464.3038523552364
32318.281425 1464.3038523552364
30796.325344 1464.3038523552364
30541.235608 1464.3038523552364
30629.552362 1464.3038523552364
31376.031756 1464.3038523552364
30806.162377 1464.3038523552364
30582.371224 1464.3038523552364
30637.019435 1464.3038523552364
32318.273595 1464.3038523552364
30788.183634 1464.3038523552364
30563.582316 1464.3038523552364
30635.739735 1464.3038523552364
31368.034009 1464.3038523552364
30798.532065 1464.3038523552364
30604.719138 1464.3038523552364
30699.36783 1464.3038523552364
32329.597538 1464.3038523552364
-
2
30639.897781 1240.3517859417152
30507.316787 1240.3517859417152
30619.456617 1240.3517859417152
31848.54878 1240.3517859417152
30455.725821 1240.3517859417152
30354.732841 1240.3517859417152
30426.527343 1240.3517859417152
32281.714358 1240.3517859417152
30455.296042 1240.3517859417152
30370.769898 1240.3517859417152
30421.780497 1240.3517859417152
31078.961302 1240.3517859417152
30433.045107 1240.3517859417152
30881.259883 1240.3517859417152
30674.812592 1240.3517859417152
32381.165313 1240.3517859417152
30435.25725 1240.3517859417152
30503.436727 1240.3517859417152
30506.935196 1240.3517859417152
30835.602399 1240.3517859417152
30562.343275 1240.3517859417152
30388.693525 1240.3517859417152
30551.870157 1240.3517859417152
31525.925592 1240.3517859417152
30550.411558 1240.3517859417152
30387.062352 1240.3517859417152
30440.712764 1240.3517859417152
31136.397806 1240.3517859417152
30535.632215 1240.3517859417152
30388.915493 1240.3517859417152
30471.576449 1240.3517859417152
32289.195889 1240.3517859417152
30648.825863 1240.3517859417152
30462.760405 1240.3517859417152
30475.311341 1240.3517859417152
31775.869422 1240.3517859417152
30535.809306 1240.3517859417152
30401.514618 1240.3517859417152
30503.995108 1240.3517859417152
31559.041475 1240.3517859417152
30461.391557 1240.3517859417152
30338.056386 1240.3517859417152
30522.75902 1240.3517859417152
31765.57731 1240.3517859417152
30631.213351 1240.3517859417152
30380.423214 1240.3517859417152
30431.466942 1240.3517859417152
31222.367791 1240.3517859417152
30423.810728 1240.3517859417152
30906.976758 1240.3517859417152
30419.776166 1240.3517859417152
31072.924215 1240.3517859417152
30439.503239 1240.3517859417152
30427.94739 1240.3517859417152
30499.596724 1240.3517859417152
31576.694947 1240.3517859417152
30495.596496 1240.3517859417152
30381.849285 1240.3517859417152
30488.201704 1240.3517859417152
31559.627866 1240.3517859417152
30527.926308 1240.3517859417152
30458.191253 1240.3517859417152
30425.488885 1240.3517859417152
31351.692763 1240.3517859417152
30516.913481 1240.3517859417152
30434.361852 1240.3517859417152
30494.678509 1240.3517859417152
32397.490295 1240.3517859417152
30522.369598 1240.3517859417152
30510.800497 1240.3517859417152
30533.208646 1240.3517859417152
31243.375167 1240.3517859417152
30466.066421 1240.3517859417152
30506.989107 1240.3517859417152
30489.45219 1240.3517859417152
32065.417988 1240.3517859417152
30672.691104 1240.3517859417152
30375.081845 1240.3517859417152
30482.519102 1240.3517859417152
31273.330201 1240.3517859417152
30462.144499 1240.3517859417152
30405.204936 1240.3517859417152
30501.331803 1240.3517859417152
32300.683973 1240.3517859417152
30531.038066 1240.3517859417152
30499.061835 1240.3517859417152
30456.754941 1240.3517859417152
31292.783204 1240.3517859417152
30486.073289 1240.3517859417152
30537.406748 1240.3517859417152
30509.744572 1240.3517859417152
32287.367745 1240.3517859417152
30640.176068 1240.3517859417152
30460.684093 1240.3517859417152
30447.954559 1240.3517859417152
31277.971334 1240.3517859417152
30489.053431 1240.3517859417152
30415.607277 1240.3517859417152
30491.43062 1240.3517859417152
32268.489689 1240.3517859417152
-
3
30898.690182 2634.9622074754734
30816.049104 2634.9622074754734
30878.719758 2634.9622074754734
32025.347633 2634.9622074754734
30822.175038 2634.9622074754734
30794.039111 2634.9622074754734
30849.063792 2634.9622074754734
32487.716207 2634.9622074754734
31263.046222 2634.9622074754734
30854.477744 2634.9622074754734
30875.968509 2634.9622074754734
31338.348227 2634.9622074754734
30978.879382 2634.9622074754734
30785.24445 2634.9622074754734
30861.714117 2634.9622074754734
32795.257973 2634.9622074754734
30908.702802 2634.9622074754734
30824.871172 2634.9622074754734
31225.060913 2634.9622074754734
31618.499477 2634.9622074754734
30986.090757 2634.9622074754734
30982.059507 2634.9622074754734
30941.880427 2634.9622074754734
32242.457482 2634.9622074754734
30898.777524 2634.9622074754734
30850.017317 2634.9622074754734
30926.730938 2634.9622074754734
31634.99372 2634.9622074754734
31027.25619 2634.9622074754734
30889.534712 2634.9622074754734
30971.318341 2634.9622074754734
32564.465968 2634.9622074754734
31078.84565 2634.9622074754734
30876.660011 2634.9622074754734
30897.432469 2634.9622074754734
32064.430128 2634.9622074754734
30927.28179 2634.9622074754734
30878.570977 2634.9622074754734
30893.542771 2634.9622074754734
32022.314483 2634.9622074754734
30953.690167 2634.9622074754734
30845.911075 2634.9622074754734
30925.25728 2634.9622074754734
32326.700218 2634.9622074754734
31215.172078 2634.9622074754734
30909.713551 2634.9622074754734
30935.775575 2634.9622074754734
31741.981622 2634.9622074754734
31006.045519 2634.9622074754734
30809.8798 2634.9622074754734
31145.164759 2634.9622074754734
32164.447597 2634.9622074754734
30918.112465 2634.9622074754734
30982.246839 2634.9622074754734
31074.744226 2634.9622074754734
31408.879894 2634.9622074754734
30924.897073 2634.9622074754734
30856.910349 2634.9622074754734
30941.250968 2634.9622074754734
32667.050366 2634.9622074754734
31158.984553 2634.9622074754734
30853.751005 2634.9622074754734
31097.487584 2634.9622074754734
31655.508973 2634.9622074754734
30973.318455 2634.9622074754734
30885.851924 2634.9622074754734
31098.332686 2634.9622074754734
32571.772515 2634.9622074754734
31053.837443 2634.9622074754734
30882.762754 2634.9622074754734
30876.740124 2634.9622074754734
31617.414338 2634.9622074754734
31030.785077 2634.9622074754734
30714.833856 2634.9622074754734
30855.053895 2634.9622074754734
31992.941021 2634.9622074754734
30933.022821 2634.9622074754734
30857.820203 2634.9622074754734
30899.701233 2634.9622074754734
31853.307974 2634.9622074754734
31099.025693 2634.9622074754734
30931.007346 2634.9622074754734
31084.267433 2634.9622074754734
32629.976719 2634.9622074754734
31189.539531 2634.9622074754734
30989.69795 2634.9622074754734
30930.126705 2634.9622074754734
31793.135581 2634.9622074754734
31000.820706 2634.9622074754734
30917.192672 2634.9622074754734
31013.276773 2634.9622074754734
32339.778816 2634.9622074754734
30955.255383 2634.9622074754734
31090.151221 2634.9622074754734
31067.03621 2634.9622074754734
32000.443031 2634.9622074754734
31036.524 2634.9622074754734
30912.52112 2634.9622074754734
30988.056537 2634.9622074754734
31977.815023 2634.9622074754734
-
4
30465.107777 1447.969926916941
30232.896627 1447.969926916941
30727.385395 1447.969926916941
31500.395445 1447.969926916941
30355.14214 1447.969926916941
30332.257229 1447.969926916941
30314.59442 1447.969926916941
31896.587366 1447.969926916941
30721.146219 1447.969926916941
30260.029636 1447.969926916941
30471.989062 1447.969926916941
30900.097883 1447.969926916941
30496.788553 1447.969926916941
30260.968704 1447.969926916941
30312.225665 1447.969926916941
32229.825227 1447.969926916941
30448.574681 1447.969926916941
30364.686731 1447.969926916941
30384.357184 1447.969926916941
30986.190145 1447.969926916941
30354.3895 1447.969926916941
30402.146487 1447.969926916941
30379.222121 1447.969926916941
31866.881405 1447.969926916941
30380.516277 1447.969926916941
30370.072975 1447.969926916941
30400.08463 1447.969926916941
31035.996036 1447.969926916941
30335.821354 1447.969926916941
30271.961353 1447.969926916941
30660.1486 1447.969926916941
30773.934362 1447.969926916941
30360.063368 1447.969926916941
30262.848951 1447.969926916941
30443.192954 1447.969926916941
31450.398608 1447.969926916941
30378.3978 1447.969926916941
30539.023766 1447.969926916941
30424.433261 1447.969926916941
30772.228798 1447.969926916941
30326.827616 1447.969926916941
30242.36502 1447.969926916941
30398.731443 1447.969926916941
31889.589827 1447.969926916941
30455.084917 1447.969926916941
30333.620656 1447.969926916941
30509.918652 1447.969926916941
31073.238342 1447.969926916941
30445.944505 1447.969926916941
30455.392418 1447.969926916941
30481.76887 1447.969926916941
31276.789817 1447.969926916941
30309.026567 1447.969926916941
30370.001596 1447.969926916941
30337.748584 1447.969926916941
31008.329342 1447.969926916941
30402.681979 1447.969926916941
30296.587366 1447.969926916941
30390.598769 1447.969926916941
31975.949836 1447.969926916941
30591.588134 1447.969926916941
30347.834991 1447.969926916941
30401.831154 1447.969926916941
30802.866901 1447.969926916941
30710.826098 1447.969926916941
30275.041788 1447.969926916941
30429.70054 1447.969926916941
31877.597875 1447.969926916941
30954.822893 1447.969926916941
30327.912755 1447.969926916941
30471.819499 1447.969926916941
31557.591912 1447.969926916941
30417.627571 1447.969926916941
30266.080878 1447.969926916941
30411.569703 1447.969926916941
31553.963334 1447.969926916941
30583.825305 1447.969926916941
30289.102825 1447.969926916941
30446.080336 1447.969926916941
31044.595835 1447.969926916941
30420.636025 1447.969926916941
30320.444778 1447.969926916941
30431.346169 1447.969926916941
31950.79345 1447.969926916941
30533.929965 1447.969926916941
30305.321793 1447.969926916941
30413.725827 1447.969926916941
30992.06309 1447.969926916941
30386.801835 1447.969926916941
30398.074878 1447.969926916941
30378.774271 1447.969926916941
31951.279549 1447.969926916941
30772.914878 1447.969926916941
30544.244062 1447.969926916941
30373.25039 1447.969926916941
31191.767937 1447.969926916941
30449.194804 1447.969926916941
30392.693152 1447.969926916941
30505.314564 1447.969926916941
31866.027871 1447.969926916941
-
5
31017.016784 2093.8369914689847
30868.4924 2093.8369914689847
31848.154239 2093.8369914689847
31994.10808 2093.8369914689847
30949.176433 2093.8369914689847
31100.819201 2093.8369914689847
30956.0532 2093.8369914689847
32210.919161 2093.8369914689847
31191.370083 2093.8369914689847
31257.782256 2093.8369914689847
31012.576537 2093.8369914689847
31687.788188 2093.8369914689847
31012.472329 2093.8369914689847
30974.48943 2093.8369914689847
31079.274827 2093.8369914689847
31785.190539 2093.8369914689847
31195.566679 2093.8369914689847
31036.013806 2093.8369914689847
30969.957324 2093.8369914689847
32877.412048 2093.8369914689847
30996.172044 2093.8369914689847
31332.582199 2093.8369914689847
31274.992697 2093.8369914689847
31702.163653 2093.8369914689847
31078.130054 2093.8369914689847
30971.190039 2093.8369914689847
31134.326313 2093.8369914689847
32087.058136 2093.8369914689847
30943.632071 2093.8369914689847
31011.424535 2093.8369914689847
31043.354687 2093.8369914689847
31778.770657 2093.8369914689847
30980.456343 2093.8369914689847
30937.292602 2093.8369914689847
31077.711719 2093.8369914689847
32040.699211 2093.8369914689847
31283.619601 2093.8369914689847
30979.25284 2093.8369914689847
31101.819409 2093.8369914689847
31555.316522 2093.8369914689847
31138.415389 2093.8369914689847
30904.386939 2093.8369914689847
31163.74706 2093.8369914689847
32731.971713 2093.8369914689847
30956.141144 2093.8369914689847
31005.169397 2093.8369914689847
30968.390903 2093.8369914689847
31803.774045 2093.8369914689847
30992.250121 2093.8369914689847
31213.401158 2093.8369914689847
31020.01801 2093.8369914689847
32216.405697 2093.8369914689847
31023.261081 2093.8369914689847
30964.482834 2093.8369914689847
31043.222169 2093.8369914689847
32188.268866 2093.8369914689847
30997.153579 2093.8369914689847
31056.980221 2093.8369914689847
31109.198539 2093.8369914689847
32199.681957 2093.8369914689847
31148.097015 2093.8369914689847
31011.532056 2093.8369914689847
30983.761155 2093.8369914689847
32217.905557 2093.8369914689847
30992.617858 2093.8369914689847
30783.802416 2093.8369914689847
31110.677317 2093.8369914689847
32606.84665 2093.8369914689847
31108.731414 2093.8369914689847
30994.921258 2093.8369914689847
31030.017679 2093.8369914689847
32206.272607 2093.8369914689847
31032.562924 2093.8369914689847
30757.556674 2093.8369914689847
31137.413976 2093.8369914689847
32344.585294 2093.8369914689847
30985.616103 2093.8369914689847
31159.974822 2093.8369914689847
31016.034045 2093.8369914689847
31902.699748 2093.8369914689847
31060.490738 2093.8369914689847
30969.420928 2093.8369914689847
31015.800031 2093.8369914689847
32809.537965 2093.8369914689847
31126.625827 2093.8369914689847
30983.619903 2093.8369914689847
31058.844506 2093.8369914689847
31812.154588 2093.8369914689847
31259.303197 2093.8369914689847
31042.823411 2093.8369914689847
30962.471878 2093.8369914689847
32694.422509 2093.8369914689847
30976.162166 2093.8369914689847
31041.846695 2093.8369914689847
30983.597615 2093.8369914689847
31710.927293 2093.8369914689847
31570.054001 2093.8369914689847
30948.743943 2093.8369914689847
31006.839722 2093.8369914689847
31718.85095 2093.8369914689847
-
6
31026.372236 1654.3556685276856
31187.444847 1654.3556685276856
31244.850029 1654.3556685276856
31899.112131 1654.3556685276856
30920.56826 1654.3556685276856
30893.571684 1654.3556685276856
30857.554264 1654.3556685276856
32556.86216 1654.3556685276856
31142.397548 1654.3556685276856
30766.798582 1654.3556685276856
31039.233083 1654.3556685276856
31699.483482 1654.3556685276856
30927.983833 1654.3556685276856
30839.292717 1654.3556685276856
30994.470998 1654.3556685276856
32832.871931 1654.3556685276856
31203.26596 1654.3556685276856
30948.521373 1654.3556685276856
30909.603622 1654.3556685276856
31732.604486 1654.3556685276856
30941.198262 1654.3556685276856
30852.160792 1654.3556685276856
30918.790414 1654.3556685276856
32935.110276 1654.3556685276856
31042.965265 1654.3556685276856
30868.286094 1654.3556685276856
31076.136566 1654.3556685276856
31619.23736 1654.3556685276856
30893.294301 1654.3556685276856
30872.133024 1654.3556685276856
30912.339511 1654.3556685276856
32547.687415 1654.3556685276856
31242.029208 1654.3556685276856
30942.061735 1654.3556685276856
31107.291187 1654.3556685276856
32298.784451 1654.3556685276856
30996.023865 1654.3556685276856
30948.712018 1654.3556685276856
30980.182874 1654.3556685276856
32062.800762 1654.3556685276856
31001.314937 1654.3556685276856
30822.746972 1654.3556685276856
31065.558035 1654.3556685276856
32360.275999 1654.3556685276856
31103.883673 1654.3556685276856
30891.890516 1654.3556685276856
30955.555053 1654.3556685276856
32208.130867 1654.3556685276856
31005.799458 1654.3556685276856
31037.308564 1654.3556685276856
30895.283874 1654.3556685276856
31771.652948 1654.3556685276856
30935.592158 1654.3556685276856
31039.250251 1654.3556685276856
30915.530177 1654.3556685276856
31964.250627 1654.3556685276856
30983.046161 1654.3556685276856
30853.881415 1654.3556685276856
31022.859311 1654.3556685276856
32570.381079 1654.3556685276856
31194.662245 1654.3556685276856
30966.398017 1654.3556685276856
31077.336453 1654.3556685276856
31733.122208 1654.3556685276856
30945.682481 1654.3556685276856
31013.517412 1654.3556685276856
31140.78083 1654.3556685276856
32124.99104 1654.3556685276856
30957.864175 1654.3556685276856
30858.876732 1654.3556685276856
30911.742277 1654.3556685276856
31808.010999 1654.3556685276856
30990.138572 1654.3556685276856
30842.653246 1654.3556685276856
31132.877955 1654.3556685276856
32247.872036 1654.3556685276856
31182.440796 1654.3556685276856
30912.808443 1654.3556685276856
31016.638507 1654.3556685276856
31780.856607 1654.3556685276856
31403.088266 1654.3556685276856
31104.055344 1654.3556685276856
31023.423716 1654.3556685276856
31791.194196 1654.3556685276856
30957.996392 1654.3556685276856
31025.447925 1654.3556685276856
31097.331875 1654.3556685276856
32190.320482 1654.3556685276856
31055.592701 1654.3556685276856
30840.642289 1654.3556685276856
31066.136897 1654.3556685276856
31651.154561 1654.3556685276856
31175.826353 1654.3556685276856
30955.724315 1654.3556685276856
31383.92891 1654.3556685276856
32119.708702 1654.3556685276856
31093.525303 1654.3556685276856
30959.208929 1654.3556685276856
30964.067511 1654.3556685276856
31745.162651 1654.3556685276856
-
7
31481.424024 1878.9680354452921
31249.939313 1878.9680354452921
31367.152766 1878.9680354452921
32314.095371 1878.9680354452921
32756.482076 1878.9680354452921
31301.706166 1878.9680354452921
31298.277871 1878.9680354452921
32149.435143 1878.9680354452921
31422.343095 1878.9680354452921
31074.47136 1878.9680354452921
31457.579564 1878.9680354452921
32997.395424 1878.9680354452921
32680.046441 1878.9680354452921
31494.404438 1878.9680354452921
31292.324211 1878.9680354452921
32285.222163 1878.9680354452921
31345.637606 1878.9680354452921
31657.981333 1878.9680354452921
31548.601787 1878.9680354452921
33145.633691 1878.9680354452921
31491.068304 1878.9680354452921
31318.469962 1878.9680354452921
31457.977719 1878.9680354452921
32511.716075 1878.9680354452921
31319.403007 1878.9680354452921
31322.979782 1878.9680354452921
31715.434101 1878.9680354452921
33234.769344 1878.9680354452921
31621.490463 1878.9680354452921
31329.563806 1878.9680354452921
31703.670742 1878.9680354452921
32303.996615 1878.9680354452921
31297.66046 1878.9680354452921
31396.742774 1878.9680354452921
31404.513133 1878.9680354452921
32568.234291 1878.9680354452921
31598.716686 1878.9680354452921
31281.670688 1878.9680354452921
31451.465977 1878.9680354452921
33680.952381 1878.9680354452921
31439.094844 1878.9680354452921
31359.88477 1878.9680354452921
31345.631883 1878.9680354452921
32367.88583 1878.9680354452921
31503.617132 1878.9680354452921
31294.403836 1878.9680354452921
31356.10169 1878.9680354452921
32856.435393 1878.9680354452921
31802.200699 1878.9680354452921
31497.690276 1878.9680354452921
31495.273936 1878.9680354452921
32809.350633 1878.9680354452921
31403.900238 1878.9680354452921
31436.616461 1878.9680354452921
31512.36511 1878.9680354452921
32456.030612 1878.9680354452921
31480.491581 1878.9680354452921
31348.737317 1878.9680354452921
31728.788276 1878.9680354452921
32803.050618 1878.9680354452921
31437.791652 1878.9680354452921
31346.697146 1878.9680354452921
31402.10131 1878.9680354452921
32878.810713 1878.9680354452921
31605.280832 1878.9680354452921
31277.500896 1878.9680354452921
31405.810602 1878.9680354452921
32277.840925 1878.9680354452921
31525.179276 1878.9680354452921
31577.354223 1878.9680354452921
31386.195566 1878.9680354452921
32987.253901 1878.9680354452921
31527.899202 1878.9680354452921
31559.307414 1878.9680354452921
31739.732435 1878.9680354452921
33140.555249 1878.9680354452921
32075.191775 1878.9680354452921
31599.959943 1878.9680354452921
31347.106144 1878.9680354452921
32249.49839 1878.9680354452921
31403.46564 1878.9680354452921
31451.174438 1878.9680354452921
31603.382515 1878.9680354452921
32614.875117 1878.9680354452921
31620.81131 1878.9680354452921
31346.673052 1878.9680354452921
31817.816108 1878.9680354452921
32286.468433 1878.9680354452921
31421.20043 1878.9680354452921
31344.307007 1878.9680354452921
31430.62967 1878.9680354452921
33117.320973 1878.9680354452921
32055.585171 1878.9680354452921
31321.014303 1878.9680354452921
31515.667212 1878.9680354452921
31791.646865 1878.9680354452921
32037.825384 1878.9680354452921
31557.063949 1878.9680354452921
31401.408303 1878.9680354452921
32900.940575 1878.9680354452921
-
8
32140.584464 1915.7848630034403
31618.983468 1915.7848630034403
31560.709993 1915.7848630034403
32410.973975 1915.7848630034403
31496.473823 1915.7848630034403
31525.806928 1915.7848630034403
31741.850008 1915.7848630034403
32535.07534 1915.7848630034403
31516.400878 1915.7848630034403
31461.472272 1915.7848630034403
31597.791471 1915.7848630034403
32821.354632 1915.7848630034403
31395.051065 1915.7848630034403
31253.965443 1915.7848630034403
31436.846861 1915.7848630034403
32205.049228 1915.7848630034403
31424.563971 1915.7848630034403
31350.458241 1915.7848630034403
31444.268156 1915.7848630034403
32362.700772 1915.7848630034403
31425.601826 1915.7848630034403
31218.405209 1915.7848630034403
31355.885445 1915.7848630034403
33315.988568 1915.7848630034403
31543.978123 1915.7848630034403
31403.054835 1915.7848630034403
31558.54122 1915.7848630034403
32039.522514 1915.7848630034403
31482.480853 1915.7848630034403
31383.712666 1915.7848630034403
31544.231412 1915.7848630034403
32778.693857 1915.7848630034403
31765.641762 1915.7848630034403
31449.657712 1915.7848630034403
31560.846126 1915.7848630034403
32884.76046 1915.7848630034403
31553.266412 1915.7848630034403
31500.005421 1915.7848630034403
31385.311311 1915.7848630034403
32825.79458 1915.7848630034403
31618.741322 1915.7848630034403
31307.604109 1915.7848630034403
31756.631761 1915.7848630034403
32053.858827 1915.7848630034403
31739.746891 1915.7848630034403
31531.332315 1915.7848630034403
31402.122392 1915.7848630034403
33457.461201 1915.7848630034403
31446.727264 1915.7848630034403
31560.445561 1915.7848630034403
31637.797676 1915.7848630034403
32616.47045 1915.7848630034403
31558.948713 1915.7848630034403
31406.694556 1915.7848630034403
31635.138587 1915.7848630034403
32723.197533 1915.7848630034403
31469.970876 1915.7848630034403
31371.781551 1915.7848630034403
31611.785948 1915.7848630034403
32758.683075 1915.7848630034403
31695.38266 1915.7848630034403
31360.294069 1915.7848630034403
31526.683352 1915.7848630034403
32714.093262 1915.7848630034403
31482.948882 1915.7848630034403
31566.679316 1915.7848630034403
31424.227256 1915.7848630034403
33082.411884 1915.7848630034403
31682.60313 1915.7848630034403
31311.828112 1915.7848630034403
31534.390765 1915.7848630034403
32704.558309 1915.7848630034403
31782.340203 1915.7848630034403
31564.309055 1915.7848630034403
32606.610527 1915.7848630034403
32043.971797 1915.7848630034403
31565.012905 1915.7848630034403
31406.435543 1915.7848630034403
31569.630848 1915.7848630034403
32612.234701 1915.7848630034403
31576.297997 1915.7848630034403
31385.340525 1915.7848630034403
31685.156507 1915.7848630034403
32888.625761 1915.7848630034403
31476.173911 1915.7848630034403
31423.150248 1915.7848630034403
31601.303794 1915.7848630034403
32661.132846 1915.7848630034403
31721.570576 1915.7848630034403
31356.155299 1915.7848630034403
31600.289732 1915.7848630034403
32707.437559 1915.7848630034403
31420.384543 1915.7848630034403
31475.525779 1915.7848630034403
31447.166981 1915.7848630034403
33093.551807 1915.7848630034403
31735.075339 1915.7848630034403
31517.629077 1915.7848630034403
31457.662086 1915.7848630034403
32746.926643 1915.7848630034403
-
9
31865.485451 1745.4757091862132
32356.626038 1745.4757091862132
31820.890821 1745.4757091862132
32432.525276 1745.4757091862132
31560.910277 1745.4757091862132
31561.590634 1745.4757091862132
31809.158181 1745.4757091862132
33521.150134 1745.4757091862132
31891.457725 1745.4757091862132
31708.328138 1745.4757091862132
31701.419445 1745.4757091862132
32705.467863 1745.4757091862132
31650.597685 1745.4757091862132
31668.405661 1745.4757091862132
31806.910198 1745.4757091862132
32951.452726 1745.4757091862132
31767.879204 1745.4757091862132
31504.797143 1745.4757091862132
31785.266436 1745.4757091862132
32992.204945 1745.4757091862132
31616.054826 1745.4757091862132
31660.135048 1745.4757091862132
31611.025176 1745.4757091862132
32558.009342 1745.4757091862132
31818.593746 1745.4757091862132
31648.248808 1745.4757091862132
31910.329457 1745.4757091862132
32483.020261 1745.4757091862132
31684.389108 1745.4757091862132
31568.779421 1745.4757091862132
31534.023028 1745.4757091862132
33513.976406 1745.4757091862132
31697.068346 1745.4757091862132
31456.160419 1745.4757091862132
31911.692583 1745.4757091862132
32965.33155 1745.4757091862132
31482.214612 1745.4757091862132
31560.203114 1745.4757091862132
31543.840786 1745.4757091862132
32968.877906 1745.4757091862132
31489.232933 1745.4757091862132
31352.277649 1745.4757091862132
31648.94031 1745.4757091862132
32621.880487 1745.4757091862132
31450.592565 1745.4757091862132
31482.518199 1745.4757091862132
31459.549861 1745.4757091862132
33580.771374 1745.4757091862132
32814.084227 1745.4757091862132
31527.896793 1745.4757091862132
31625.405459 1745.4757091862132
33249.886306 1745.4757091862132
31729.378582 1745.4757091862132
31484.042755 1745.4757091862132
31640.748003 1745.4757091862132
33042.403269 1745.4757091862132
31806.026847 1745.4757091862132
31492.737425 1745.4757091862132
31646.722444 1745.4757091862132
33135.425909 1745.4757091862132
31634.907885 1745.4757091862132
31488.334824 1745.4757091862132
31635.564149 1745.4757091862132
33005.454008 1745.4757091862132
31712.684659 1745.4757091862132
31380.615967 1745.4757091862132
31722.867744 1745.4757091862132
32652.985414 1745.4757091862132
31953.900992 1745.4757091862132
31660.202813 1745.4757091862132
31618.915703 1745.4757091862132
32980.681322 1745.4757091862132
31707.040608 1745.4757091862132
31569.016447 1745.4757091862132
31874.908367 1745.4757091862132
32527.03603 1745.4757091862132
31781.807121 1745.4757091862132
31620.614943 1745.4757091862132
31751.56386 1745.4757091862132
32825.189515 1745.4757091862132
31685.737477 1745.4757091862132
31506.536137 1745.4757091862132
31601.090862 1745.4757091862132
33120.453813 1745.4757091862132
31607.042716 1745.4757091862132
31526.633959 1745.4757091862132
31648.376507 1745.4757091862132
33024.75823 1745.4757091862132
31600.740292 1745.4757091862132
31661.380715 1745.4757091862132
31514.33059 1745.4757091862132
33349.574889 1745.4757091862132
31710.23549 1745.4757091862132
31385.728441 1745.4757091862132
31696.012722 1745.4757091862132
32617.316154 1745.4757091862132
31835.657815 1745.4757091862132
31616.968897 1745.4757091862132
31728.601546 1745.4757091862132
33364.006373 1745.4757091862132
-
10
31473.549759 1535.563385630871
31157.276881 1535.563385630871
31186.105816 1535.563385630871
31619.839413 1535.563385630871
31420.063488 1535.563385630871
31203.64213 1535.563385630871
31467.043439 1535.563385630871
32387.887275 1535.563385630871
31254.556352 1535.563385630871
31134.703386 1535.563385630871
31228.372049 1535.563385630871
32175.027031 1535.563385630871
31385.388714 1535.563385630871
31083.238914 1535.563385630871
31321.318793 1535.563385630871
32100.94178 1535.563385630871
31496.75964 1535.563385630871
31305.446781 1535.563385630871
31125.632547 1535.563385630871
31928.247061 1535.563385630871
31336.67519 1535.563385630871
31427.310703 1535.563385630871
31296.294322 1535.563385630871
32586.867792 1535.563385630871
31239.634251 1535.563385630871
31172.432996 1535.563385630871
31510.741467 1535.563385630871
32095.68203 1535.563385630871
31346.014077 1535.563385630871
31110.443302 1535.563385630871
31167.509058 1535.563385630871
32901.736585 1535.563385630871
31461.869223 1535.563385630871
31015.475362 1535.563385630871
31236.123736 1535.563385630871
32123.036403 1535.563385630871
31444.885869 1535.563385630871
31390.412341 1535.563385630871
31075.946523 1535.563385630871
32338.569591 1535.563385630871
31091.882987 1535.563385630871
31357.6145 1535.563385630871
31301.836274 1535.563385630871
31819.196702 1535.563385630871
31167.126865 1535.563385630871
31045.968298 1535.563385630871
31255.681849 1535.563385630871
32892.934394 1535.563385630871
31223.174945 1535.563385630871
31277.840021 1535.563385630871
31123.295114 1535.563385630871
32761.489439 1535.563385630871
31341.708455 1535.563385630871
31037.559746 1535.563385630871
31310.883321 1535.563385630871
32103.601471 1535.563385630871
31631.453689 1535.563385630871
31262.017703 1535.563385630871
31453.832926 1535.563385630871
32210.470709 1535.563385630871
31207.943536 1535.563385630871
31353.701612 1535.563385630871
31398.502248 1535.563385630871
32172.104412 1535.563385630871
31326.783041 1535.563385630871
31090.57859 1535.563385630871
31399.315726 1535.563385630871
32594.666763 1535.563385630871
31322.510247 1535.563385630871
31117.258328 1535.563385630871
31135.626793 1535.563385630871
32752.955899 1535.563385630871
31478.0138 1535.563385630871
31097.340911 1535.563385630871
31241.254581 1535.563385630871
32507.648985 1535.563385630871
31544.766603 1535.563385630871
31381.543591 1535.563385630871
31347.476591 1535.563385630871
32197.494812 1535.563385630871
31301.629065 1535.563385630871
31295.286584 1535.563385630871
31288.840801 1535.563385630871
32470.116947 1535.563385630871
31308.319404 1535.563385630871
31266.186591 1535.563385630871
31542.025594 1535.563385630871
32550.442579 1535.563385630871
31188.603173 1535.563385630871
31137.901281 1535.563385630871
31198.195951 1535.563385630871
32887.967389 1535.563385630871
31422.648487 1535.563385630871
31082.935931 1535.563385630871
31286.715096 1535.563385630871
32242.215937 1535.563385630871
31457.235619 1535.563385630871
31336.786324 1535.563385630871
31149.328527 1535.563385630871
32666.558545 1535.563385630871
-
