1
3481.068936 458.02494312470003
2810.995057 458.02494312470003
2749.684819 458.02494312470003
2563.242288 458.02494312470003
2517.502582 458.02494312470003
2441.669904 458.02494312470003
2507.989616 458.02494312470003
2495.280561 458.02494312470003
2467.731929 458.02494312470003
2470.324156 458.02494312470003
2481.196936 458.02494312470003
2492.644663 458.02494312470003
2501.889583 458.02494312470003
2483.268731 458.02494312470003
2482.996467 458.02494312470003
2462.547171 458.02494312470003
2473.2787 458.02494312470003
2473.791604 458.02494312470003
2480.39159 458.02494312470003
2472.247471 458.02494312470003
2456.483882 458.02494312470003
2454.296436 458.02494312470003
2469.448937 458.02494312470003
2481.551421 458.02494312470003
2469.061623 458.02494312470003
2452.587861 458.02494312470003
2461.16477 458.02494312470003
2468.005397 458.02494312470003
2492.153744 458.02494312470003
2472.204402 458.02494312470003
2476.410034 458.02494312470003
2458.809268 458.02494312470003
2455.069557 458.02494312470003
2461.900545 458.02494312470003
2473.805157 458.02494312470003
2476.694947 458.02494312470003
2474.839397 458.02494312470003
2454.207589 458.02494312470003
2460.5323 458.02494312470003
2486.912667 458.02494312470003
2453.633848 458.02494312470003
2466.187494 458.02494312470003
2460.359726 458.02494312470003
2455.063533 458.02494312470003
2502.335023 458.02494312470003
2432.466848 458.02494312470003
2496.88523 458.02494312470003
2496.638265 458.02494312470003
2475.919718 458.02494312470003
2481.036409 458.02494312470003
2423.248432 458.02494312470003
2414.755851 458.02494312470003
2421.149832 458.02494312470003
2428.157913 458.02494312470003
2442.446639 458.02494312470003
2446.113465 458.02494312470003
2406.378019 458.02494312470003
2440.615184 458.02494312470003
2417.321274 458.02494312470003
2450.357948 458.02494312470003
2429.898112 458.02494312470003
2398.121862 458.02494312470003
2393.982791 458.02494312470003
2387.238843 458.02494312470003
2397.134605 458.02494312470003
2422.784318 458.02494312470003
2388.68961 458.02494312470003
2421.034481 458.02494312470003
2367.977387 458.02494312470003
2408.559141 458.02494312470003
2362.495369 458.02494312470003
2406.999045 458.02494312470003
2370.355479 458.02494312470003
2419.064485 458.02494312470003
2386.40639 458.02494312470003
2383.634359 458.02494312470003
2506.821351 458.02494312470003
2382.194133 458.02494312470003
2400.419238 458.02494312470003
2370.078697 458.02494312470003
2363.944933 458.02494312470003
2413.4885 458.02494312470003
2413.02529 458.02494312470003
2382.212504 458.02494312470003
2371.744205 458.02494312470003
2368.716475 458.02494312470003
2408.085691 458.02494312470003
2361.516545 458.02494312470003
2361.629185 458.02494312470003
2364.855691 458.02494312470003
2381.669784 458.02494312470003
2380.787035 458.02494312470003
2368.748701 458.02494312470003
2370.765079 458.02494312470003
2369.933832 458.02494312470003
2384.490605 458.02494312470003
2385.990465 458.02494312470003
2392.476908 458.02494312470003
2411.257383 458.02494312470003
2409.980695 458.02494312470003
-
2
2492.635326 727.5529759926319
2390.053941 727.5529759926319
2401.442636 727.5529759926319
2422.977975 727.5529759926319
2410.750804 727.5529759926319
2419.521671 727.5529759926319
2427.68115 727.5529759926319
2421.939217 727.5529759926319
2456.550141 727.5529759926319
2486.082022 727.5529759926319
2470.323855 727.5529759926319
2389.561818 727.5529759926319
2397.390906 727.5529759926319
2417.559505 727.5529759926319
2421.007376 727.5529759926319
2436.830597 727.5529759926319
2448.097617 727.5529759926319
2403.733386 727.5529759926319
2416.865895 727.5529759926319
2413.209308 727.5529759926319
2417.370366 727.5529759926319
2457.490113 727.5529759926319
2455.744192 727.5529759926319
2419.126527 727.5529759926319
2414.994985 727.5529759926319
2424.398626 727.5529759926319
2487.331304 727.5529759926319
2401.486307 727.5529759926319
2397.553541 727.5529759926319
2417.720936 727.5529759926319
2445.611404 727.5529759926319
2395.70251 727.5529759926319
2394.528222 727.5529759926319
2418.641633 727.5529759926319
2459.90796 727.5529759926319
2409.153663 727.5529759926319
2430.180315 727.5529759926319
2431.974424 727.5529759926319
2448.521072 727.5529759926319
2403.460219 727.5529759926319
2415.287127 727.5529759926319
2431.15432 727.5529759926319
2489.571155 727.5529759926319
2390.659004 727.5529759926319
2418.03175 727.5529759926319
2475.444462 727.5529759926319
2413.310504 727.5529759926319
2425.944566 727.5529759926319
2467.97558 727.5529759926319
2393.651497 727.5529759926319
2416.237038 727.5529759926319
2432.79754 727.5529759926319
2470.098274 727.5529759926319
2391.906178 727.5529759926319
2422.003066 727.5529759926319
2474.706578 727.5529759926319
2409.430746 727.5529759926319
2428.988558 727.5529759926319
2470.969879 727.5529759926319
2392.071222 727.5529759926319
2420.12282 727.5529759926319
2406.446989 727.5529759926319
2396.422322 727.5529759926319
2444.88858 727.5529759926319
2393.505125 727.5529759926319
2411.500131 727.5529759926319
2451.81715 727.5529759926319
2423.331858 727.5529759926319
2419.713219 727.5529759926319
2400.214136 727.5529759926319
2413.144255 727.5529759926319
2444.75576 727.5529759926319
2415.911165 727.5529759926319
2412.141939 727.5529759926319
2468.484569 727.5529759926319
2470.317832 727.5529759926319
2435.797561 727.5529759926319
2392.368484 727.5529759926319
2417.781472 727.5529759926319
2408.651602 727.5529759926319
2397.06684 727.5529759926319
2453.076972 727.5529759926319
2401.296867 727.5529759926319
2429.188238 727.5529759926319
2404.776964 727.5529759926319
2418.000729 727.5529759926319
2406.977963 727.5529759926319
2405.304324 727.5529759926319
2464.346703 727.5529759926319
2413.80082 727.5529759926319
2453.794375 727.5529759926319
2412.505158 727.5529759926319
2449.185468 727.5529759926319
2397.080996 727.5529759926319
2429.983044 727.5529759926319
2408.828995 727.5529759926319
2418.51032 727.5529759926319
2449.415868 727.5529759926319
2435.25966 727.5529759926319
2397.770992 727.5529759926319
-
3
2396.210595 350.4442489494894
2386.509091 350.4442489494894
2409.567179 350.4442489494894
2461.300602 350.4442489494894
2391.318882 350.4442489494894
2564.0901 350.4442489494894
2422.697579 350.4442489494894
2484.178585 350.4442489494894
2403.451787 350.4442489494894
2437.710033 350.4442489494894
2408.424515 350.4442489494894
2438.94034 350.4442489494894
2405.255232 350.4442489494894
2432.234641 350.4442489494894
2397.559867 350.4442489494894
2431.378997 350.4442489494894
2401.79923 350.4442489494894
2431.247685 350.4442489494894
2433.520063 350.4442489494894
2459.88748 350.4442489494894
2387.303897 350.4442489494894
2451.844858 350.4442489494894
2391.289669 350.4442489494894
2450.137186 350.4442489494894
2395.866651 350.4442489494894
2446.326699 350.4442489494894
2409.28588 350.4442489494894
2473.225392 350.4442489494894
2393.106668 350.4442489494894
2386.873214 350.4442489494894
2411.856122 350.4442489494894
2385.534183 350.4442489494894
2405.246197 350.4442489494894
2387.137044 350.4442489494894
2417.319467 350.4442489494894
2389.478994 350.4442489494894
2427.247456 350.4442489494894
2413.20449 350.4442489494894
2453.234487 350.4442489494894
2416.831862 350.4442489494894
2402.400378 350.4442489494894
2392.825971 350.4442489494894
2402.241658 350.4442489494894
2404.189368 350.4442489494894
2389.148905 350.4442489494894
2413.774015 350.4442489494894
2398.383283 350.4442489494894
2480.454535 350.4442489494894
2402.205818 350.4442489494894
2463.183257 350.4442489494894
2406.881587 350.4442489494894
2390.145498 350.4442489494894
2413.366222 350.4442489494894
2392.741642 350.4442489494894
2417.161651 350.4442489494894
2395.056185 350.4442489494894
2444.072692 350.4442489494894
2397.605344 350.4442489494894
2398.833241 350.4442489494894
2403.828558 350.4442489494894
2409.27323 350.4442489494894
2413.023483 350.4442489494894
2413.688481 350.4442489494894
2457.37928 350.4442489494894
2408.194415 350.4442489494894
2398.05229 350.4442489494894
2402.924727 350.4442489494894
2392.484738 350.4442489494894
2452.913734 350.4442489494894
2404.146601 350.4442489494894
2397.664676 350.4442489494894
2483.926501 350.4442489494894
2420.462548 350.4442489494894
2423.891444 350.4442489494894
2397.687866 350.4442489494894
2460.628375 350.4442489494894
2391.368577 350.4442489494894
2415.207014 350.4442489494894
2409.460562 350.4442489494894
2398.818785 350.4442489494894
2456.822405 350.4442489494894
2406.343082 350.4442489494894
2387.614711 350.4442489494894
2402.709687 350.4442489494894
2390.476793 350.4442489494894
2423.89566 350.4442489494894
2399.923501 350.4442489494894
2399.714183 350.4442489494894
2397.984225 350.4442489494894
2395.752204 350.4442489494894
2421.703696 350.4442489494894
2437.437167 350.4442489494894
2393.382244 350.4442489494894
2382.262499 350.4442489494894
2389.642232 350.4442489494894
2423.53485 350.4442489494894
2386.848216 350.4442489494894
2395.960919 350.4442489494894
2403.865001 350.4442489494894
2400.481582 350.4442489494894
-
4
2482.045351 1179.1639852023309
2434.25644 1179.1639852023309
2426.249356 1179.1639852023309
2423.496902 1179.1639852023309
2437.744066 1179.1639852023309
2455.585472 1179.1639852023309
2417.038168 1179.1639852023309
2423.436667 1179.1639852023309
2431.634395 1179.1639852023309
2418.742226 1179.1639852023309
2464.629809 1179.1639852023309
2414.894995 1179.1639852023309
2444.53048 1179.1639852023309
2452.787541 1179.1639852023309
2419.831884 1179.1639852023309
2460.382013 1179.1639852023309
2412.459981 1179.1639852023309
2437.809722 1179.1639852023309
2432.603884 1179.1639852023309
2419.397285 1179.1639852023309
2459.948318 1179.1639852023309
2436.083077 1179.1639852023309
2418.293472 1179.1639852023309
2451.296114 1179.1639852023309
2424.224245 1179.1639852023309
2468.592391 1179.1639852023309
2420.768241 1179.1639852023309
2414.089649 1179.1639852023309
2434.651885 1179.1639852023309
2417.341453 1179.1639852023309
2482.735648 1179.1639852023309
2421.953071 1179.1639852023309
2428.668407 1179.1639852023309
2455.903816 1179.1639852023309
2421.499197 1179.1639852023309
2472.415226 1179.1639852023309
2434.067602 1179.1639852023309
2414.783258 1179.1639852023309
2451.262684 1179.1639852023309
2410.84718 1179.1639852023309
2470.918679 1179.1639852023309
2420.965814 1179.1639852023309
2425.280471 1179.1639852023309
2442.499646 1179.1639852023309
2422.20636 1179.1639852023309
2456.424852 1179.1639852023309
2432.538528 1179.1639852023309
2448.391867 1179.1639852023309
2427.124877 1179.1639852023309
2419.177727 1179.1639852023309
2454.136813 1179.1639852023309
2412.122663 1179.1639852023309
2442.813473 1179.1639852023309
2425.865658 1179.1639852023309
2412.267228 1179.1639852023309
2469.054395 1179.1639852023309
2417.718225 1179.1639852023309
2417.285735 1179.1639852023309
2459.018887 1179.1639852023309
2419.058762 1179.1639852023309
2470.357888 1179.1639852023309
2442.185519 1179.1639852023309
2419.624674 1179.1639852023309
2443.424861 1179.1639852023309
2418.16999 1179.1639852023309
2484.319837 1179.1639852023309
2429.916785 1179.1639852023309
2431.271779 1179.1639852023309
2439.194835 1179.1639852023309
2435.123528 1179.1639852023309
2485.283904 1179.1639852023309
2424.837741 1179.1639852023309
2429.746921 1179.1639852023309
2477.821047 1179.1639852023309
2428.401264 1179.1639852023309
2489.385328 1179.1639852023309
2421.104656 1179.1639852023309
2444.09769 1179.1639852023309
2437.010098 1179.1639852023309
2435.463556 1179.1639852023309
2481.760739 1179.1639852023309
2420.829079 1179.1639852023309
2424.444404 1179.1639852023309
2450.809412 1179.1639852023309
2431.897925 1179.1639852023309
2504.608003 1179.1639852023309
2418.649463 1179.1639852023309
2429.567119 1179.1639852023309
2455.901105 1179.1639852023309
2433.347187 1179.1639852023309
2484.767085 1179.1639852023309
2432.743629 1179.1639852023309
2422.661137 1179.1639852023309
2445.496354 1179.1639852023309
2436.741449 1179.1639852023309
2482.278763 1179.1639852023309
2416.845114 1179.1639852023309
2426.643295 1179.1639852023309
2437.945252 1179.1639852023309
2428.804238 1179.1639852023309
-
5
2396.080486 821.7455632842698
2375.713412 821.7455632842698
2385.287519 821.7455632842698
2412.110014 821.7455632842698
2380.520493 821.7455632842698
2378.008379 821.7455632842698
2404.124314 821.7455632842698
2380.735233 821.7455632842698
2431.754867 821.7455632842698
2393.128955 821.7455632842698
2381.650207 821.7455632842698
2399.777431 821.7455632842698
2389.656087 821.7455632842698
2445.130726 821.7455632842698
2385.476356 821.7455632842698
2378.967326 821.7455632842698
2420.610425 821.7455632842698
2384.15419 821.7455632842698
2386.817797 821.7455632842698
2386.488611 821.7455632842698
2386.164846 821.7455632842698
2429.240643 821.7455632842698
2391.649575 821.7455632842698
2384.219847 821.7455632842698
2402.796125 821.7455632842698
2380.751496 821.7455632842698
2390.413847 821.7455632842698
2394.890537 821.7455632842698
2376.250711 821.7455632842698
2436.900771 821.7455632842698
2388.731775 821.7455632842698
2383.417814 821.7455632842698
2420.799865 821.7455632842698
2385.521232 821.7455632842698
2399.034729 821.7455632842698
2408.085992 821.7455632842698
2384.759255 821.7455632842698
2399.983736 821.7455632842698
2390.113272 821.7455632842698
2383.666284 821.7455632842698
2449.718852 821.7455632842698
2401.045083 821.7455632842698
2371.405381 821.7455632842698
2447.906069 821.7455632842698
2391.512841 821.7455632842698
2380.463873 821.7455632842698
2414.472142 821.7455632842698
2372.394144 821.7455632842698
2393.698179 821.7455632842698
2395.622698 821.7455632842698
2386.73407 821.7455632842698
2398.376657 821.7455632842698
2411.944366 821.7455632842698
2387.303896 821.7455632842698
2375.107445 821.7455632842698
2387.630975 821.7455632842698
2383.111818 821.7455632842698
2374.205722 821.7455632842698
2378.497791 821.7455632842698
2390.079842 821.7455632842698
2395.353145 821.7455632842698
2372.014962 821.7455632842698
2377.768642 821.7455632842698
2465.552012 821.7455632842698
2387.783671 821.7455632842698
2467.041029 821.7455632842698
2444.497652 821.7455632842698
2414.984444 821.7455632842698
2388.445055 821.7455632842698
2435.623782 821.7455632842698
2379.973557 821.7455632842698
2381.585153 821.7455632842698
2427.477253 821.7455632842698
2373.434107 821.7455632842698
2376.50882 821.7455632842698
2427.425451 821.7455632842698
2373.031133 821.7455632842698
2388.723944 821.7455632842698
2435.15244 821.7455632842698
2375.6592 821.7455632842698
2371.923103 821.7455632842698
2441.647618 821.7455632842698
2385.289928 821.7455632842698
2378.593263 821.7455632842698
2488.546853 821.7455632842698
2391.213169 821.7455632842698
2412.808743 821.7455632842698
2446.421569 821.7455632842698
2386.082022 821.7455632842698
2375.106542 821.7455632842698
2370.555159 821.7455632842698
2373.331105 821.7455632842698
2377.382232 821.7455632842698
2388.95555 821.7455632842698
2394.734227 821.7455632842698
2380.584945 821.7455632842698
2393.569576 821.7455632842698
2399.259105 821.7455632842698
2379.10677 821.7455632842698
2372.829645 821.7455632842698
-
6
2441.768087 1636.8863827187952
2389.05554 1636.8863827187952
2381.401737 1636.8863827187952
2414.757056 1636.8863827187952
2391.076135 1636.8863827187952
2410.423123 1636.8863827187952
2433.199912 1636.8863827187952
2388.262241 1636.8863827187952
2382.772693 1636.8863827187952
2468.87881 1636.8863827187952
2386.774427 1636.8863827187952
2383.862953 1636.8863827187952
2386.041364 1636.8863827187952
2404.259844 1636.8863827187952
2389.82595 1636.8863827187952
2392.163081 1636.8863827187952
2409.069936 1636.8863827187952
2404.667937 1636.8863827187952
2390.256934 1636.8863827187952
2411.412489 1636.8863827187952
2389.563324 1636.8863827187952
2404.348991 1636.8863827187952
2452.159287 1636.8863827187952
2399.478965 1636.8863827187952
2395.222133 1636.8863827187952
2382.26762 1636.8863827187952
2378.529414 1636.8863827187952
2393.690047 1636.8863827187952
2385.589599 1636.8863827187952
2403.080435 1636.8863827187952
2384.219847 1636.8863827187952
2381.491186 1636.8863827187952
2417.790507 1636.8863827187952
2395.635046 1636.8863827187952
2425.562373 1636.8863827187952
2444.967789 1636.8863827187952
2413.777328 1636.8863827187952
2389.476886 1636.8863827187952
2404.459222 1636.8863827187952
2388.095389 1636.8863827187952
2390.73701 1636.8863827187952
2391.430921 1636.8863827187952
2441.368728 1636.8863827187952
2389.583804 1636.8863827187952
2387.02832 1636.8863827187952
2431.705774 1636.8863827187952
2388.305309 1636.8863827187952
2381.03641 1636.8863827187952
2391.401104 1636.8863827187952
2378.546882 1636.8863827187952
2391.216483 1636.8863827187952
2417.094789 1636.8863827187952
2407.933596 1636.8863827187952
2405.851261 1636.8863827187952
2383.778322 1636.8863827187952
2429.515618 1636.8863827187952
2407.636938 1636.8863827187952
2393.368692 1636.8863827187952
2382.046556 1636.8863827187952
2393.371101 1636.8863827187952
2401.854044 1636.8863827187952
2405.892824 1636.8863827187952
2402.724746 1636.8863827187952
2396.380157 1636.8863827187952
2384.720403 1636.8863827187952
2439.98211 1636.8863827187952
2388.831464 1636.8863827187952
2389.264858 1636.8863827187952
2391.253828 1636.8863827187952
2405.037783 1636.8863827187952
2384.39453 1636.8863827187952
2380.039213 1636.8863827187952
2475.343869 1636.8863827187952
2401.524255 1636.8863827187952
2388.568537 1636.8863827187952
2406.754489 1636.8863827187952
2402.364237 1636.8863827187952
2393.439468 1636.8863827187952
2403.855664 1636.8863827187952
2414.23843 1636.8863827187952
2390.996925 1636.8863827187952
2383.221446 1636.8863827187952
2462.199313 1636.8863827187952
2474.445158 1636.8863827187952
2392.315778 1636.8863827187952
2407.34329 1636.8863827187952
2414.257705 1636.8863827187952
2400.687285 1636.8863827187952
2395.538068 1636.8863827187952
2453.973274 1636.8863827187952
2401.201695 1636.8863827187952
2405.999439 1636.8863827187952
2396.929203 1636.8863827187952
2392.160973 1636.8863827187952
2393.136786 1636.8863827187952
2382.593191 1636.8863827187952
2407.963112 1636.8863827187952
2403.555993 1636.8863827187952
2387.924621 1636.8863827187952
2455.039138 1636.8863827187952
-
7
2421.024844 1251.9806130720713
2432.585211 1251.9806130720713
2434.218793 1251.9806130720713
2445.977334 1251.9806130720713
2433.758595 1251.9806130720713
2445.06266 1251.9806130720713
2497.230681 1251.9806130720713
2429.803843 1251.9806130720713
2424.327849 1251.9806130720713
2428.519626 1251.9806130720713
2448.934587 1251.9806130720713
2431.813294 1251.9806130720713
2431.060654 1251.9806130720713
2492.957585 1251.9806130720713
2431.135647 1251.9806130720713
2438.936726 1251.9806130720713
2440.844981 1251.9806130720713
2450.202541 1251.9806130720713
2429.427975 1251.9806130720713
2435.179848 1251.9806130720713
2496.731932 1251.9806130720713
2438.439182 1251.9806130720713
2442.648728 1251.9806130720713
2420.642952 1251.9806130720713
2450.993432 1251.9806130720713
2428.306995 1251.9806130720713
2451.512961 1251.9806130720713
2519.72858 1251.9806130720713
2437.83472 1251.9806130720713
2444.399168 1251.9806130720713
2418.256126 1251.9806130720713
2480.156371 1251.9806130720713
2420.411649 1251.9806130720713
2420.275215 1251.9806130720713
2427.618505 1251.9806130720713
2471.989663 1251.9806130720713
2422.978577 1251.9806130720713
2436.731209 1251.9806130720713
2501.922712 1251.9806130720713
2427.954318 1251.9806130720713
2431.111854 1251.9806130720713
2442.548738 1251.9806130720713
2492.662734 1251.9806130720713
2424.807322 1251.9806130720713
2441.48197 1251.9806130720713
2436.553214 1251.9806130720713
2439.281874 1251.9806130720713
2424.578127 1251.9806130720713
2433.024025 1251.9806130720713
2485.403773 1251.9806130720713
2432.775855 1251.9806130720713
2436.255049 1251.9806130720713
2434.890718 1251.9806130720713
2449.349308 1251.9806130720713
2434.383537 1251.9806130720713
2424.998269 1251.9806130720713
2442.416521 1251.9806130720713
2441.293735 1251.9806130720713
2424.531444 1251.9806130720713
2434.665739 1251.9806130720713
2480.100352 1251.9806130720713
2434.992214 1251.9806130720713
2425.82801 1251.9806130720713
2434.026642 1251.9806130720713
2453.295023 1251.9806130720713
2426.861046 1251.9806130720713
2439.164717 1251.9806130720713
2436.188187 1251.9806130720713
2443.383901 1251.9806130720713
2440.233291 1251.9806130720713
2432.579789 1251.9806130720713
2430.905247 1251.9806130720713
2443.378781 1251.9806130720713
2424.904903 1251.9806130720713
2423.779707 1251.9806130720713
2499.921393 1251.9806130720713
2432.125615 1251.9806130720713
2429.20661 1251.9806130720713
2426.116537 1251.9806130720713
2469.071262 1251.9806130720713
2425.77681 1251.9806130720713
2429.843599 1251.9806130720713
2429.382497 1251.9806130720713
2447.135358 1251.9806130720713
2429.667411 1251.9806130720713
2450.32241 1251.9806130720713
2424.411576 1251.9806130720713
2438.767163 1251.9806130720713
2422.296713 1251.9806130720713
2418.276306 1251.9806130720713
2440.109207 1251.9806130720713
2418.756682 1251.9806130720713
2432.80025 1251.9806130720713
2434.678389 1251.9806130720713
2482.865154 1251.9806130720713
2438.780716 1251.9806130720713
2448.430116 1251.9806130720713
2431.895516 1251.9806130720713
2480.957501 1251.9806130720713
2420.805889 1251.9806130720713
-
8
2401.227295 988.8999606438224
2398.498634 988.8999606438224
2466.246827 988.8999606438224
2410.181881 988.8999606438224
2402.613009 988.8999606438224
2400.716198 988.8999606438224
2438.945761 988.8999606438224
2405.54888 988.8999606438224
2420.959488 988.8999606438224
2416.153612 988.8999606438224
2502.032039 988.8999606438224
2403.911382 988.8999606438224
2413.857441 988.8999606438224
2406.811713 988.8999606438224
2426.998383 988.8999606438224
2432.473473 988.8999606438224
2409.532544 988.8999606438224
2401.017375 988.8999606438224
2426.708048 988.8999606438224
2404.943213 988.8999606438224
2440.048369 988.8999606438224
2415.256407 988.8999606438224
2425.846381 988.8999606438224
2418.882273 988.8999606438224
2412.778626 988.8999606438224
2411.181185 988.8999606438224
2425.589478 988.8999606438224
2419.299403 988.8999606438224
2418.065783 988.8999606438224
2408.83532 988.8999606438224
2424.600113 988.8999606438224
2420.149625 988.8999606438224
2402.686195 988.8999606438224
2407.577605 988.8999606438224
2430.812184 988.8999606438224
2415.558788 988.8999606438224
2410.494502 988.8999606438224
2426.441507 988.8999606438224
2429.981236 988.8999606438224
2423.792055 988.8999606438224
2424.891049 988.8999606438224
2414.09537 988.8999606438224
2429.537001 988.8999606438224
2411.282079 988.8999606438224
2412.105496 988.8999606438224
2436.761929 988.8999606438224
2436.110484 988.8999606438224
2405.709106 988.8999606438224
2419.511431 988.8999606438224
2411.368818 988.8999606438224
2454.269933 988.8999606438224
2413.226174 988.8999606438224
2401.135436 988.8999606438224
2400.181007 988.8999606438224
2462.525789 988.8999606438224
2415.324472 988.8999606438224
2418.450084 988.8999606438224
2401.181516 988.8999606438224
2480.444296 988.8999606438224
2414.798618 988.8999606438224
2416.766206 988.8999606438224
2416.035852 988.8999606438224
2456.329078 988.8999606438224
2408.342594 988.8999606438224
2414.374561 988.8999606438224
2439.853206 988.8999606438224
2513.470128 988.8999606438224
2411.440197 988.8999606438224
2433.548073 988.8999606438224
2408.087197 988.8999606438224
2468.595403 988.8999606438224
2412.910541 988.8999606438224
2411.852809 988.8999606438224
2423.32222 988.8999606438224
2464.737329 988.8999606438224
2411.361288 988.8999606438224
2399.252479 988.8999606438224
2400.821008 988.8999606438224
2420.273408 988.8999606438224
2412.670503 988.8999606438224
2430.387223 988.8999606438224
2407.69386 988.8999606438224
2418.621454 988.8999606438224
2458.746924 988.8999606438224
2413.760161 988.8999606438224
2415.137744 988.8999606438224
2420.367074 988.8999606438224
2435.171716 988.8999606438224
2410.282173 988.8999606438224
2419.3756 988.8999606438224
2421.704299 988.8999606438224
2425.049468 988.8999606438224
2402.093178 988.8999606438224
2459.713401 988.8999606438224
2422.595481 988.8999606438224
2450.485949 988.8999606438224
2448.053946 988.8999606438224
2417.104126 988.8999606438224
2407.098132 988.8999606438224
2481.008701 988.8999606438224
-
9
2410.843265 1361.7165696057434
2423.997759 1361.7165696057434
2435.299114 1361.7165696057434
2430.690206 1361.7165696057434
2420.79324 1361.7165696057434
2423.764046 1361.7165696057434
2415.93556 1361.7165696057434
2410.947472 1361.7165696057434
2445.853248 1361.7165696057434
2409.337683 1361.7165696057434
2418.151317 1361.7165696057434
2426.427352 1361.7165696057434
2458.320157 1361.7165696057434
2408.753098 1361.7165696057434
2414.319446 1361.7165696057434
2432.117483 1361.7165696057434
2471.043969 1361.7165696057434
2426.366815 1361.7165696057434
2418.957266 1361.7165696057434
2425.326551 1361.7165696057434
2416.423165 1361.7165696057434
2413.837865 1361.7165696057434
2413.482175 1361.7165696057434
2435.990615 1361.7165696057434
2415.298873 1361.7165696057434
2464.629206 1361.7165696057434
2425.489788 1361.7165696057434
2416.109641 1361.7165696057434
2414.919992 1361.7165696057434
2473.152506 1361.7165696057434
2425.749704 1361.7165696057434
2416.595739 1361.7165696057434
2418.216973 1361.7165696057434
2412.252772 1361.7165696057434
2418.673558 1361.7165696057434
2463.111276 1361.7165696057434
2423.710737 1361.7165696057434
2411.248046 1361.7165696057434
2452.719475 1361.7165696057434
2439.428848 1361.7165696057434
2416.276191 1361.7165696057434
2416.44997 1361.7165696057434
2472.967585 1361.7165696057434
2422.742454 1361.7165696057434
2411.74318 1361.7165696057434
2420.296599 1361.7165696057434
2426.040942 1361.7165696057434
2437.883511 1361.7165696057434
2411.048366 1361.7165696057434
2428.850619 1361.7165696057434
2420.846849 1361.7165696057434
2443.730556 1361.7165696057434
2433.418566 1361.7165696057434
2413.358692 1361.7165696057434
2418.74584 1361.7165696057434
2497.898389 1361.7165696057434
2491.052341 1361.7165696057434
2422.314783 1361.7165696057434
2412.456969 1361.7165696057434
2425.199454 1361.7165696057434
2427.436594 1361.7165696057434
2416.030732 1361.7165696057434
2411.691077 1361.7165696057434
2411.147754 1361.7165696057434
2441.655448 1361.7165696057434
2417.711599 1361.7165696057434
2406.627694 1361.7165696057434
2413.816481 1361.7165696057434
2486.714794 1361.7165696057434
2422.074445 1361.7165696057434
2417.549566 1361.7165696057434
2415.051607 1361.7165696057434
2420.631206 1361.7165696057434
2425.15759 1361.7165696057434
2412.583464 1361.7165696057434
2411.513081 1361.7165696057434
2427.853423 1361.7165696057434
2458.799027 1361.7165696057434
2429.406291 1361.7165696057434
2429.457791 1361.7165696057434
2432.369869 1361.7165696057434
2419.968317 1361.7165696057434
2413.911351 1361.7165696057434
2428.469631 1361.7165696057434
2421.883197 1361.7165696057434
2412.721403 1361.7165696057434
2451.350626 1361.7165696057434
2412.008517 1361.7165696057434
2416.612003 1361.7165696057434
2440.736558 1361.7165696057434
2409.126257 1361.7165696057434
2410.216214 1361.7165696057434
2413.760161 1361.7165696057434
2409.523207 1361.7165696057434
2411.14143 1361.7165696057434
2449.141194 1361.7165696057434
2425.476838 1361.7165696057434
2409.994549 1361.7165696057434
2414.985347 1361.7165696057434
2431.011261 1361.7165696057434
-
10
2381.822179 740.3158433741044
2401.461009 740.3158433741044
2373.384111 740.3158433741044
2402.825038 740.3158433741044
2456.165237 740.3158433741044
2379.094723 740.3158433741044
2381.59449 740.3158433741044
2388.568839 740.3158433741044
2375.267068 740.3158433741044
2378.030967 740.3158433741044
2374.424979 740.3158433741044
2382.813954 740.3158433741044
2386.953025 740.3158433741044
2421.393786 740.3158433741044
2381.144833 740.3158433741044
2376.90818 740.3158433741044
2371.746313 740.3158433741044
2400.392734 740.3158433741044
2407.346603 740.3158433741044
2374.817713 740.3158433741044
2378.254139 740.3158433741044
2380.474413 740.3158433741044
2436.678503 740.3158433741044
2399.393129 740.3158433741044
2371.023488 740.3158433741044
2379.004069 740.3158433741044
2380.391891 740.3158433741044
2412.352461 740.3158433741044
2375.016188 740.3158433741044
2375.715521 740.3158433741044
2375.047511 740.3158433741044
2469.072767 740.3158433741044
2387.83728 740.3158433741044
2383.832835 740.3158433741044
2379.107072 740.3158433741044
2381.939939 740.3158433741044
2423.502023 740.3158433741044
2392.912409 740.3158433741044
2400.822513 740.3158433741044
2376.483219 740.3158433741044
2388.94561 740.3158433741044
2395.357061 740.3158433741044
2390.54004 740.3158433741044
2382.547714 740.3158433741044
2384.151781 740.3158433741044
2451.462364 740.3158433741044
2397.654135 740.3158433741044
2372.88717 740.3158433741044
2391.955871 740.3158433741044
2409.635245 740.3158433741044
2449.191491 740.3158433741044
2381.74297 740.3158433741044
2384.605052 740.3158433741044
2380.377736 740.3158433741044
2386.496743 740.3158433741044
2392.59015 740.3158433741044
2377.23074 740.3158433741044
2384.920987 740.3158433741044
2384.989353 740.3158433741044
2447.182944 740.3158433741044
2384.237616 740.3158433741044
2373.208225 740.3158433741044
2384.135517 740.3158433741044
2396.185597 740.3158433741044
2399.244649 740.3158433741044
2380.890038 740.3158433741044
2392.790432 740.3158433741044
2385.206502 740.3158433741044
2386.737684 740.3158433741044
2385.092958 740.3158433741044
2387.298475 740.3158433741044
2373.834672 740.3158433741044
2378.515561 740.3158433741044
2443.858857 740.3158433741044
2383.313908 740.3158433741044
2379.496794 740.3158433741044
2379.844653 740.3158433741044
2397.98814 740.3158433741044
2411.362493 740.3158433741044
2379.901877 740.3158433741044
2374.363839 740.3158433741044
2373.308818 740.3158433741044
2391.955571 740.3158433741044
2393.999957 740.3158433741044
2412.166635 740.3158433741044
2393.787628 740.3158433741044
2383.016044 740.3158433741044
2443.766094 740.3158433741044
2379.599796 740.3158433741044
2374.42016 740.3158433741044
2395.521803 740.3158433741044
2377.074129 740.3158433741044
2453.689264 740.3158433741044
2392.256747 740.3158433741044
2377.721056 740.3158433741044
2380.9316 740.3158433741044
2391.756794 740.3158433741044
2395.276645 740.3158433741044
2385.844695 740.3158433741044
2410.821882 740.3158433741044
-
