1
0.594221 10.061513524737842
0.539106 10.061513524737842
0.488509 10.061513524737842
0.477365 10.061513524737842
0.439116 10.061513524737842
0.472547 10.061513524737842
0.412612 10.061513524737842
0.44303 10.061513524737842
0.394843 10.061513524737842
0.396951 10.061513524737842
0.371351 10.061513524737842
0.39936 10.061513524737842
0.405685 10.061513524737842
0.387614 10.061513524737842
0.390024 10.061513524737842
0.380687 10.061513524737842
0.392434 10.061513524737842
0.385205 10.061513524737842
0.404179 10.061513524737842
0.405685 10.061513524737842
0.382494 10.061513524737842
0.38641 10.061513524737842
0.365929 10.061513524737842
0.863172 10.061513524737842
0.377374 10.061513524737842
0.34033 10.061513524737842
0.334306 10.061513524737842
0.321957 10.061513524737842
0.3328 10.061513524737842
0.329487 10.061513524737842
0.356895 10.061513524737842
0.325873 10.061513524737842
0.228292 10.061513524737842
0.164743 10.061513524737842
0.16143 10.061513524737842
0.165045 10.061513524737842
0.168358 10.061513524737842
0.165045 10.061513524737842
0.164141 10.061513524737842
0.162936 10.061513524737842
0.160226 10.061513524737842
0.162636 10.061513524737842
0.169563 10.061513524737842
0.160226 10.061513524737842
0.170165 10.061513524737842
0.163539 10.061513524737842
0.177092 10.061513524737842
0.177092 10.061513524737842
0.174984 10.061513524737842
0.167154 10.061513524737842
0.161732 10.061513524737842
0.162033 10.061513524737842
0.160226 10.061513524737842
0.165346 10.061513524737842
0.162033 10.061513524737842
0.166852 10.061513524737842
0.162033 10.061513524737842
0.161129 10.061513524737842
0.169262 10.061513524737842
0.159623 10.061513524737842
0.161732 10.061513524737842
0.163238 10.061513524737842
0.168358 10.061513524737842
0.172875 10.061513524737842
0.18161 10.061513524737842
0.166249 10.061513524737842
0.336414 10.061513524737842
0.175586 10.061513524737842
0.175586 10.061513524737842
0.176189 10.061513524737842
0.171972 10.061513524737842
0.165647 10.061513524737842
0.167454 10.061513524737842
0.163238 10.061513524737842
0.160226 10.061513524737842
0.161431 10.061513524737842
0.160527 10.061513524737842
0.160226 10.061513524737842
0.163539 10.061513524737842
0.165045 10.061513524737842
0.165045 10.061513524737842
0.162033 10.061513524737842
0.162334 10.061513524737842
0.159925 10.061513524737842
0.185826 10.061513524737842
0.162936 10.061513524737842
0.159323 10.061513524737842
0.159624 10.061513524737842
0.171972 10.061513524737842
0.173779 10.061513524737842
0.215041 10.061513524737842
0.18161 10.061513524737842
0.181007 10.061513524737842
0.174381 10.061513524737842
0.171972 10.061513524737842
0.172574 10.061513524737842
0.177996 10.061513524737842
0.174382 10.061513524737842
0.173779 10.061513524737842
0.174381 10.061513524737842
-
2
0.179502 45.12731783567547
0.175285 45.12731783567547
0.172875 45.12731783567547
0.175586 45.12731783567547
0.176489 45.12731783567547
0.17649 45.12731783567547
0.173177 45.12731783567547
0.180405 45.12731783567547
0.241242 45.12731783567547
0.141855 45.12731783567547
0.141252 45.12731783567547
0.141553 45.12731783567547
0.141855 45.12731783567547
0.138842 45.12731783567547
0.141252 45.12731783567547
0.142457 45.12731783567547
0.142155 45.12731783567547
0.154203 45.12731783567547
0.149082 45.12731783567547
0.170767 45.12731783567547
0.138843 45.12731783567547
0.143059 45.12731783567547
0.150287 45.12731783567547
0.141854 45.12731783567547
0.143059 45.12731783567547
0.141252 45.12731783567547
0.147577 45.12731783567547
0.140348 45.12731783567547
0.145468 45.12731783567547
0.140047 45.12731783567547
0.138842 45.12731783567547
0.137939 45.12731783567547
0.138541 45.12731783567547
0.14065 45.12731783567547
0.15089 45.12731783567547
0.137939 45.12731783567547
0.135228 45.12731783567547
0.138541 45.12731783567547
0.139746 45.12731783567547
0.143962 45.12731783567547
0.137638 45.12731783567547
0.151793 45.12731783567547
0.137336 45.12731783567547
0.140348 45.12731783567547
0.137336 45.12731783567547
0.136734 45.12731783567547
0.134928 45.12731783567547
0.223473 45.12731783567547
0.155709 45.12731783567547
0.238833 45.12731783567547
0.145167 45.12731783567547
0.150287 45.12731783567547
0.14336 45.12731783567547
0.142758 45.12731783567547
0.143962 45.12731783567547
0.140951 45.12731783567547
0.139444 45.12731783567547
0.139445 45.12731783567547
0.139144 45.12731783567547
0.143059 45.12731783567547
0.138842 45.12731783567547
0.140048 45.12731783567547
0.14065 45.12731783567547
0.141854 45.12731783567547
0.154805 45.12731783567547
0.159322 45.12731783567547
0.139746 45.12731783567547
0.140951 45.12731783567547
0.138842 45.12731783567547
0.140047 45.12731783567547
0.140048 45.12731783567547
0.141553 45.12731783567547
0.144264 45.12731783567547
0.139144 45.12731783567547
0.138843 45.12731783567547
0.141854 45.12731783567547
0.138541 45.12731783567547
0.142156 45.12731783567547
0.139144 45.12731783567547
0.140951 45.12731783567547
0.139445 45.12731783567547
0.139445 45.12731783567547
0.140951 45.12731783567547
0.141553 45.12731783567547
0.138542 45.12731783567547
0.138842 45.12731783567547
0.142155 45.12731783567547
0.144264 45.12731783567547
0.139144 45.12731783567547
0.141553 45.12731783567547
0.139445 45.12731783567547
0.145167 45.12731783567547
0.143661 45.12731783567547
0.140649 45.12731783567547
0.14095 45.12731783567547
0.142156 45.12731783567547
0.14065 45.12731783567547
0.139746 45.12731783567547
0.146974 45.12731783567547
0.14095 45.12731783567547
-
3
0.139745 19.047563097688883
0.14095 19.047563097688883
0.143059 19.047563097688883
0.152998 19.047563097688883
0.138842 19.047563097688883
0.138541 19.047563097688883
0.140649 19.047563097688883
0.139445 19.047563097688883
0.138842 19.047563097688883
0.139144 19.047563097688883
0.141252 19.047563097688883
0.140348 19.047563097688883
0.137337 19.047563097688883
0.140348 19.047563097688883
0.139746 19.047563097688883
0.138842 19.047563097688883
0.138541 19.047563097688883
0.140951 19.047563097688883
0.14336 19.047563097688883
0.137638 19.047563097688883
0.137638 19.047563097688883
0.141252 19.047563097688883
0.145469 19.047563097688883
0.159021 19.047563097688883
0.153299 19.047563097688883
0.155407 19.047563097688883
0.140951 19.047563097688883
0.13824 19.047563097688883
0.14607 19.047563097688883
0.139746 19.047563097688883
0.14848 19.047563097688883
0.141854 19.047563097688883
0.138541 19.047563097688883
0.137939 19.047563097688883
0.141553 19.047563097688883
0.139746 19.047563097688883
0.136734 19.047563097688883
0.138842 19.047563097688883
0.13824 19.047563097688883
0.137939 19.047563097688883
0.143059 19.047563097688883
0.144264 19.047563097688883
0.13824 19.047563097688883
0.139746 19.047563097688883
0.142155 19.047563097688883
0.146071 19.047563097688883
0.146372 19.047563097688883
0.138541 19.047563097688883
0.14065 19.047563097688883
0.143059 19.047563097688883
0.139746 19.047563097688883
0.403577 19.047563097688883
0.142758 19.047563097688883
0.18944 19.047563097688883
0.147275 19.047563097688883
0.144866 19.047563097688883
0.138843 19.047563097688883
0.138843 19.047563097688883
0.147276 19.047563097688883
0.140047 19.047563097688883
0.137638 19.047563097688883
0.140047 19.047563097688883
0.141252 19.047563097688883
0.138842 19.047563097688883
0.13824 19.047563097688883
0.13824 19.047563097688883
0.138842 19.047563097688883
0.137939 19.047563097688883
0.137035 19.047563097688883
0.138541 19.047563097688883
0.13583 19.047563097688883
0.137035 19.047563097688883
0.136132 19.047563097688883
0.139445 19.047563097688883
0.135831 19.047563097688883
0.135831 19.047563097688883
0.137035 19.047563097688883
0.139444 19.047563097688883
0.138843 19.047563097688883
0.139445 19.047563097688883
0.136734 19.047563097688883
0.137939 19.047563097688883
0.124988 19.047563097688883
0.124386 19.047563097688883
0.121676 19.047563097688883
0.119567 19.047563097688883
0.121375 19.047563097688883
0.119868 19.047563097688883
0.145468 19.047563097688883
0.124386 19.047563097688883
0.119868 19.047563097688883
0.121073 19.047563097688883
0.121675 19.047563097688883
0.124988 19.047563097688883
0.266842 19.047563097688883
0.123181 19.047563097688883
0.121676 19.047563097688883
0.12017 19.047563097688883
0.121977 19.047563097688883
0.121977 19.047563097688883
-
4
0.121073 30.459406673212456
0.125289 30.459406673212456
0.121374 30.459406673212456
0.121977 30.459406673212456
0.129506 30.459406673212456
0.132216 30.459406673212456
0.12017 30.459406673212456
0.121073 30.459406673212456
0.12047 30.459406673212456
0.120169 30.459406673212456
0.124085 30.459406673212456
0.126795 30.459406673212456
0.12529 30.459406673212456
0.120169 30.459406673212456
0.126193 30.459406673212456
0.126193 30.459406673212456
0.120471 30.459406673212456
0.124687 30.459406673212456
0.119868 30.459406673212456
0.120772 30.459406673212456
0.133121 30.459406673212456
0.411106 30.459406673212456
0.129807 30.459406673212456
0.126495 30.459406673212456
0.18944 30.459406673212456
0.123483 30.459406673212456
0.150588 30.459406673212456
2.201602 30.459406673212456
0.117158 30.459406673212456
0.114448 30.459406673212456
0.114749 30.459406673212456
0.117157 30.459406673212456
0.113845 30.459406673212456
0.113845 30.459406673212456
0.115652 30.459406673212456
0.117459 30.459406673212456
0.114447 30.459406673212456
0.113543 30.459406673212456
0.121073 30.459406673212456
0.116856 30.459406673212456
0.116555 30.459406673212456
0.12288 30.459406673212456
0.116254 30.459406673212456
0.120772 30.459406673212456
0.117459 30.459406673212456
0.118664 30.459406673212456
0.12288 30.459406673212456
0.104508 30.459406673212456
0.104208 30.459406673212456
0.104207 30.459406673212456
0.103906 30.459406673212456
0.103905 30.459406673212456
0.103906 30.459406673212456
0.103906 30.459406673212456
0.158117 30.459406673212456
0.104207 30.459406673212456
0.103906 30.459406673212456
0.106316 30.459406673212456
0.107821 30.459406673212456
0.103906 30.459406673212456
0.104207 30.459406673212456
0.103906 30.459406673212456
0.104208 30.459406673212456
0.118965 30.459406673212456
0.150287 30.459406673212456
0.113845 30.459406673212456
0.121073 30.459406673212456
0.118363 30.459406673212456
0.115049 30.459406673212456
0.119869 30.459406673212456
0.115954 30.459406673212456
0.104809 30.459406673212456
0.106014 30.459406673212456
0.104809 30.459406673212456
0.137036 30.459406673212456
0.107821 30.459406673212456
0.10481 30.459406673212456
0.104508 30.459406673212456
0.105411 30.459406673212456
0.104208 30.459406673212456
0.108123 30.459406673212456
0.104207 30.459406673212456
0.107219 30.459406673212456
0.104508 30.459406673212456
0.132217 30.459406673212456
0.104508 30.459406673212456
0.104207 30.459406673212456
0.125591 30.459406673212456
0.104508 30.459406673212456
0.104207 30.459406673212456
0.104509 30.459406673212456
0.103906 30.459406673212456
0.106617 30.459406673212456
0.109026 30.459406673212456
0.104509 30.459406673212456
0.165648 30.459406673212456
0.105412 30.459406673212456
0.106918 30.459406673212456
0.103605 30.459406673212456
0.103604 30.459406673212456
-
5
0.106014 33.26789098831105
0.10511 33.26789098831105
0.105111 33.26789098831105
0.107219 33.26789098831105
0.106918 33.26789098831105
0.159624 33.26789098831105
0.104508 33.26789098831105
0.103906 33.26789098831105
0.104508 33.26789098831105
0.103906 33.26789098831105
0.104207 33.26789098831105
0.104207 33.26789098831105
0.103906 33.26789098831105
0.104508 33.26789098831105
0.106617 33.26789098831105
0.155709 33.26789098831105
0.104509 33.26789098831105
0.103906 33.26789098831105
0.104207 33.26789098831105
0.103906 33.26789098831105
0.104208 33.26789098831105
0.106015 33.26789098831105
0.104207 33.26789098831105
0.103906 33.26789098831105
0.104207 33.26789098831105
0.839982 33.26789098831105
0.115652 33.26789098831105
0.255699 33.26789098831105
0.344848 33.26789098831105
0.107822 33.26789098831105
0.149685 33.26789098831105
0.391529 33.26789098831105
0.118062 33.26789098831105
0.11264 33.26789098831105
0.105111 33.26789098831105
0.15872 33.26789098831105
0.108423 33.26789098831105
0.109327 33.26789098831105
0.10481 33.26789098831105
0.104207 33.26789098831105
0.106014 33.26789098831105
0.108122 33.26789098831105
0.105412 33.26789098831105
0.103906 33.26789098831105
0.104508 33.26789098831105
0.144264 33.26789098831105
0.104508 33.26789098831105
0.104207 33.26789098831105
0.105713 33.26789098831105
0.104207 33.26789098831105
0.103906 33.26789098831105
0.103906 33.26789098831105
0.10481 33.26789098831105
0.103906 33.26789098831105
0.103605 33.26789098831105
0.137336 33.26789098831105
0.104809 33.26789098831105
0.123482 33.26789098831105
0.111436 33.26789098831105
0.152095 33.26789098831105
0.115049 33.26789098831105
0.105713 33.26789098831105
0.107821 33.26789098831105
0.159021 33.26789098831105
0.105412 33.26789098831105
0.140348 33.26789098831105
0.106315 33.26789098831105
0.108725 33.26789098831105
0.104207 33.26789098831105
0.103905 33.26789098831105
0.104207 33.26789098831105
0.106917 33.26789098831105
0.104508 33.26789098831105
0.103906 33.26789098831105
0.105713 33.26789098831105
0.131915 33.26789098831105
0.106316 33.26789098831105
0.104208 33.26789098831105
0.103906 33.26789098831105
0.103605 33.26789098831105
0.103605 33.26789098831105
0.103905 33.26789098831105
0.107219 33.26789098831105
0.106014 33.26789098831105
0.103605 33.26789098831105
0.103906 33.26789098831105
0.169261 33.26789098831105
0.106014 33.26789098831105
0.104508 33.26789098831105
0.104207 33.26789098831105
0.106616 33.26789098831105
0.106015 33.26789098831105
0.103906 33.26789098831105
0.103906 33.26789098831105
0.106315 33.26789098831105
0.104509 33.26789098831105
0.163538 33.26789098831105
0.105111 33.26789098831105
0.290635 33.26789098831105
0.106616 33.26789098831105
-
6
0.110231 34.471700065794565
0.108123 34.471700065794565
0.109327 34.471700065794565
0.109026 34.471700065794565
0.108423 34.471700065794565
0.110532 34.471700065794565
0.168659 34.471700065794565
0.109327 34.471700065794565
0.11023 34.471700065794565
0.111737 34.471700065794565
0.109327 34.471700065794565
0.110531 34.471700065794565
0.109629 34.471700065794565
0.110231 34.471700065794565
0.108725 34.471700065794565
0.110532 34.471700065794565
0.160226 34.471700065794565
0.112038 34.471700065794565
0.110532 34.471700065794565
0.109026 34.471700065794565
0.112038 34.471700065794565
0.111736 34.471700065794565
0.11264 34.471700065794565
0.11023 34.471700065794565
0.109929 34.471700065794565
0.108122 34.471700065794565
0.154503 34.471700065794565
0.108424 34.471700065794565
0.201186 34.471700065794565
0.112941 34.471700065794565
0.109026 34.471700065794565
0.110532 34.471700065794565
0.109026 34.471700065794565
0.11264 34.471700065794565
0.119568 34.471700065794565
0.111134 34.471700065794565
0.145469 34.471700065794565
0.111436 34.471700065794565
0.108424 34.471700065794565
0.130409 34.471700065794565
0.109929 34.471700065794565
0.107821 34.471700065794565
0.10752 34.471700065794565
0.107219 34.471700065794565
0.10752 34.471700065794565
0.203595 34.471700065794565
0.156913 34.471700065794565
0.163238 34.471700065794565
0.116856 34.471700065794565
0.113243 34.471700065794565
0.109026 34.471700065794565
0.111736 34.471700065794565
0.108423 34.471700065794565
0.10752 34.471700065794565
0.108725 34.471700065794565
0.108123 34.471700065794565
0.140047 34.471700065794565
0.10993 34.471700065794565
0.108424 34.471700065794565
0.108423 34.471700065794565
0.116254 34.471700065794565
0.109327 34.471700065794565
0.172273 34.471700065794565
0.109628 34.471700065794565
0.109628 34.471700065794565
0.108725 34.471700065794565
0.129807 34.471700065794565
0.108424 34.471700065794565
0.114146 34.471700065794565
0.108424 34.471700065794565
0.112038 34.471700065794565
0.108725 34.471700065794565
0.110231 34.471700065794565
0.108424 34.471700065794565
0.271361 34.471700065794565
0.109026 34.471700065794565
0.108424 34.471700065794565
0.325873 34.471700065794565
0.112038 34.471700065794565
0.108122 34.471700065794565
0.372555 34.471700065794565
0.115953 34.471700065794565
0.113243 34.471700065794565
0.113544 34.471700065794565
0.112339 34.471700065794565
0.228894 34.471700065794565
0.111736 34.471700065794565
0.162937 34.471700065794565
0.111737 34.471700065794565
0.108725 34.471700065794565
0.108424 34.471700065794565
0.113544 34.471700065794565
0.108123 34.471700065794565
0.108423 34.471700065794565
0.108423 34.471700065794565
0.108424 34.471700065794565
0.154203 34.471700065794565
0.155106 34.471700065794565
0.109026 34.471700065794565
0.110231 34.471700065794565
-
7
0.106616 14.917032182377008
0.10481 14.917032182377008
0.105111 14.917032182377008
0.103906 14.917032182377008
0.105713 14.917032182377008
0.104207 14.917032182377008
0.10752 14.917032182377008
0.149685 14.917032182377008
0.106315 14.917032182377008
0.103906 14.917032182377008
0.103906 14.917032182377008
0.104508 14.917032182377008
0.106918 14.917032182377008
0.103906 14.917032182377008
0.10752 14.917032182377008
0.103604 14.917032182377008
0.103303 14.917032182377008
0.144264 14.917032182377008
0.105412 14.917032182377008
0.188536 14.917032182377008
0.105713 14.917032182377008
0.10511 14.917032182377008
0.10993 14.917032182377008
0.104508 14.917032182377008
0.103906 14.917032182377008
0.103906 14.917032182377008
0.105713 14.917032182377008
0.14065 14.917032182377008
0.105111 14.917032182377008
0.104208 14.917032182377008
0.106315 14.917032182377008
0.284913 14.917032182377008
0.10481 14.917032182377008
0.192452 14.917032182377008
0.105412 14.917032182377008
0.135228 14.917032182377008
0.104508 14.917032182377008
0.134626 14.917032182377008
0.107822 14.917032182377008
0.10481 14.917032182377008
0.103906 14.917032182377008
0.104207 14.917032182377008
0.223473 14.917032182377008
0.104508 14.917032182377008
0.103906 14.917032182377008
0.105713 14.917032182377008
0.106616 14.917032182377008
0.129205 14.917032182377008
0.10481 14.917032182377008
0.104207 14.917032182377008
0.103906 14.917032182377008
0.10481 14.917032182377008
0.104508 14.917032182377008
0.165648 14.917032182377008
0.10481 14.917032182377008
0.103605 14.917032182377008
0.103604 14.917032182377008
0.104508 14.917032182377008
0.106315 14.917032182377008
0.105412 14.917032182377008
0.105111 14.917032182377008
0.113845 14.917032182377008
0.104207 14.917032182377008
0.104207 14.917032182377008
0.152997 14.917032182377008
0.516819 14.917032182377008
0.126494 14.917032182377008
0.11023 14.917032182377008
0.177995 14.917032182377008
0.112038 14.917032182377008
0.115652 14.917032182377008
0.106316 14.917032182377008
0.10752 14.917032182377008
0.105412 14.917032182377008
0.104207 14.917032182377008
0.10481 14.917032182377008
0.210522 14.917032182377008
0.109026 14.917032182377008
0.15872 14.917032182377008
0.104508 14.917032182377008
0.103906 14.917032182377008
0.105411 14.917032182377008
0.104509 14.917032182377008
0.10481 14.917032182377008
0.103906 14.917032182377008
0.106014 14.917032182377008
0.106315 14.917032182377008
0.146372 14.917032182377008
0.152998 14.917032182377008
0.104509 14.917032182377008
0.104809 14.917032182377008
0.104508 14.917032182377008
0.103906 14.917032182377008
0.139144 14.917032182377008
0.121073 14.917032182377008
0.110532 14.917032182377008
0.097883 14.917032182377008
0.097581 14.917032182377008
0.096377 14.917032182377008
0.236123 14.917032182377008
-
8
0.102701 38.65068539458784
0.099087 38.65068539458784
0.098786 38.65068539458784
0.098184 38.65068539458784
0.101195 38.65068539458784
0.098184 38.65068539458784
0.098184 38.65068539458784
0.098183 38.65068539458784
0.102099 38.65068539458784
0.098786 38.65068539458784
0.187633 38.65068539458784
0.099087 38.65068539458784
0.100593 38.65068539458784
0.097883 38.65068539458784
0.097883 38.65068539458784
0.097882 38.65068539458784
0.115652 38.65068539458784
0.098485 38.65068539458784
0.097883 38.65068539458784
0.097883 38.65068539458784
2.680472 38.65068539458784
0.105411 38.65068539458784
0.141854 38.65068539458784
0.100593 38.65068539458784
0.102701 38.65068539458784
0.109628 38.65068539458784
0.098484 38.65068539458784
0.098484 38.65068539458784
0.101798 38.65068539458784
0.097882 38.65068539458784
0.099087 38.65068539458784
0.098184 38.65068539458784
0.098183 38.65068539458784
0.222268 38.65068539458784
0.297864 38.65068539458784
0.103605 38.65068539458784
0.100593 38.65068539458784
0.099388 38.65068539458784
0.099087 38.65068539458784
0.098786 38.65068539458784
0.09999 38.65068539458784
0.098183 38.65068539458784
0.099388 38.65068539458784
0.10481 38.65068539458784
0.163238 38.65068539458784
0.099388 38.65068539458784
0.09999 38.65068539458784
0.102099 38.65068539458784
0.098484 38.65068539458784
0.098183 38.65068539458784
0.097882 38.65068539458784
0.13824 38.65068539458784
0.099388 38.65068539458784
0.098786 38.65068539458784
0.098183 38.65068539458784
0.098184 38.65068539458784
0.259313 38.65068539458784
0.099388 38.65068539458784
0.098785 38.65068539458784
0.104809 38.65068539458784
0.098183 38.65068539458784
0.099689 38.65068539458784
0.098485 38.65068539458784
0.097882 38.65068539458784
0.098183 38.65068539458784
0.097882 38.65068539458784
0.098184 38.65068539458784
0.19697 38.65068539458784
0.100593 38.65068539458784
0.098786 38.65068539458784
0.098183 38.65068539458784
0.097883 38.65068539458784
0.098484 38.65068539458784
0.098484 38.65068539458784
0.098184 38.65068539458784
0.099388 38.65068539458784
0.098183 38.65068539458784
0.097883 38.65068539458784
0.100593 38.65068539458784
0.097883 38.65068539458784
0.137939 38.65068539458784
0.098485 38.65068539458784
0.101196 38.65068539458784
0.098184 38.65068539458784
0.097883 38.65068539458784
0.09969 38.65068539458784
0.097882 38.65068539458784
0.097882 38.65068539458784
0.097882 38.65068539458784
0.09969 38.65068539458784
0.238833 38.65068539458784
0.09969 38.65068539458784
0.099087 38.65068539458784
0.098183 38.65068539458784
0.099389 38.65068539458784
0.098485 38.65068539458784
0.097882 38.65068539458784
0.097882 38.65068539458784
0.100292 38.65068539458784
0.097882 38.65068539458784
-
9
0.098485 14.378388850369376
0.179802 14.378388850369376
0.097882 14.378388850369376
0.096376 14.378388850369376
0.096979 14.378388850369376
0.09728 14.378388850369376
0.105412 14.378388850369376
0.113543 14.378388850369376
0.105111 14.378388850369376
0.186729 14.378388850369376
0.09728 14.378388850369376
0.09728 14.378388850369376
0.096979 14.378388850369376
0.278889 14.378388850369376
0.099087 14.378388850369376
0.096979 14.378388850369376
0.096678 14.378388850369376
0.096979 14.378388850369376
0.096979 14.378388850369376
0.096377 14.378388850369376
0.096678 14.378388850369376
0.096076 14.378388850369376
0.096076 14.378388850369376
0.095774 14.378388850369376
0.792999 14.378388850369376
0.106014 14.378388850369376
0.112339 14.378388850369376
0.107821 14.378388850369376
0.103304 14.378388850369376
0.096979 14.378388850369376
0.099689 14.378388850369376
0.098485 14.378388850369376
0.096979 14.378388850369376
0.097883 14.378388850369376
0.097883 14.378388850369376
0.100593 14.378388850369376
0.096377 14.378388850369376
0.09728 14.378388850369376
0.145769 14.378388850369376
0.097581 14.378388850369376
0.098786 14.378388850369376
0.096678 14.378388850369376
0.096677 14.378388850369376
0.098786 14.378388850369376
0.096075 14.378388850369376
0.096075 14.378388850369376
0.098184 14.378388850369376
0.258711 14.378388850369376
0.09728 14.378388850369376
0.098184 14.378388850369376
0.096377 14.378388850369376
0.096677 14.378388850369376
0.098485 14.378388850369376
0.096979 14.378388850369376
0.145167 14.378388850369376
0.100593 14.378388850369376
0.096979 14.378388850369376
0.096677 14.378388850369376
0.195765 14.378388850369376
0.09728 14.378388850369376
0.096979 14.378388850369376
0.096678 14.378388850369376
0.096376 14.378388850369376
0.096678 14.378388850369376
0.096677 14.378388850369376
0.098183 14.378388850369376
0.096075 14.378388850369376
0.141553 14.378388850369376
0.09728 14.378388850369376
0.136132 14.378388850369376
0.09728 14.378388850369376
0.097581 14.378388850369376
0.096377 14.378388850369376
0.096979 14.378388850369376
0.098485 14.378388850369376
0.097883 14.378388850369376
0.096978 14.378388850369376
0.099388 14.378388850369376
0.096979 14.378388850369376
0.099689 14.378388850369376
0.100894 14.378388850369376
0.255398 14.378388850369376
0.099388 14.378388850369376
0.100593 14.378388850369376
0.096978 14.378388850369376
0.099087 14.378388850369376
0.096376 14.378388850369376
0.096979 14.378388850369376
0.096377 14.378388850369376
0.096376 14.378388850369376
0.096678 14.378388850369376
0.096076 14.378388850369376
0.098485 14.378388850369376
0.096677 14.378388850369376
0.097883 14.378388850369376
0.096376 14.378388850369376
0.143662 14.378388850369376
0.097882 14.378388850369376
0.098786 14.378388850369376
0.096678 14.378388850369376
-
10
0.103002 28.31014625035716
0.167454 28.31014625035716
0.09969 28.31014625035716
0.098485 28.31014625035716
0.279191 28.31014625035716
0.099689 28.31014625035716
0.098786 28.31014625035716
0.098485 28.31014625035716
0.102099 28.31014625035716
0.098183 28.31014625035716
0.097882 28.31014625035716
0.098184 28.31014625035716
0.097581 28.31014625035716
0.097883 28.31014625035716
0.098786 28.31014625035716
0.223172 28.31014625035716
0.101497 28.31014625035716
0.099087 28.31014625035716
0.097581 28.31014625035716
0.097582 28.31014625035716
0.097882 28.31014625035716
0.097582 28.31014625035716
0.119266 28.31014625035716
0.099389 28.31014625035716
0.100292 28.31014625035716
0.141854 28.31014625035716
0.150589 28.31014625035716
0.098183 28.31014625035716
0.098183 28.31014625035716
0.098184 28.31014625035716
0.098485 28.31014625035716
0.102098 28.31014625035716
0.102099 28.31014625035716
0.098485 28.31014625035716
0.101195 28.31014625035716
0.104509 28.31014625035716
0.101797 28.31014625035716
0.099087 28.31014625035716
0.254494 28.31014625035716
0.098484 28.31014625035716
0.097883 28.31014625035716
0.097581 28.31014625035716
0.098485 28.31014625035716
0.100291 28.31014625035716
0.098184 28.31014625035716
0.100593 28.31014625035716
0.097581 28.31014625035716
0.101798 28.31014625035716
0.12047 28.31014625035716
0.111134 28.31014625035716
0.101195 28.31014625035716
0.102099 28.31014625035716
0.099388 28.31014625035716
0.098786 28.31014625035716
0.16113 28.31014625035716
0.100593 28.31014625035716
0.098184 28.31014625035716
0.099087 28.31014625035716
0.098786 28.31014625035716
0.106015 28.31014625035716
0.144565 28.31014625035716
0.099087 28.31014625035716
0.098485 28.31014625035716
0.104207 28.31014625035716
0.099388 28.31014625035716
0.099087 28.31014625035716
0.09999 28.31014625035716
0.111435 28.31014625035716
0.101798 28.31014625035716
0.101195 28.31014625035716
0.099087 28.31014625035716
0.105412 28.31014625035716
0.245158 28.31014625035716
0.100895 28.31014625035716
0.098786 28.31014625035716
0.098786 28.31014625035716
0.098485 28.31014625035716
0.097581 28.31014625035716
0.105412 28.31014625035716
0.097581 28.31014625035716
0.098485 28.31014625035716
0.097581 28.31014625035716
0.097882 28.31014625035716
0.234015 28.31014625035716
0.099389 28.31014625035716
0.099088 28.31014625035716
0.101798 28.31014625035716
0.097882 28.31014625035716
0.09728 28.31014625035716
0.097882 28.31014625035716
0.098184 28.31014625035716
0.129506 28.31014625035716
0.100292 28.31014625035716
0.099389 28.31014625035716
0.104508 28.31014625035716
0.278588 28.31014625035716
0.103906 28.31014625035716
0.098786 28.31014625035716
0.099389 28.31014625035716
0.097882 28.31014625035716
-
