1
2.580181 95.25190978685107
2.514524 95.25190978685107
2.515127 95.25190978685107
2.809678 95.25190978685107
3.049414 95.25190978685107
2.54916 95.25190978685107
2.50067 95.25190978685107
2.503682 95.25190978685107
2.494044 95.25190978685107
2.607588 95.25190978685107
2.87684 95.25190978685107
2.72324 95.25190978685107
2.501573 95.25190978685107
2.513319 95.25190978685107
2.846421 95.25190978685107
2.397367 95.25190978685107
2.37508 95.25190978685107
2.370863 95.25190978685107
2.481093 95.25190978685107
2.450072 95.25190978685107
2.474468 95.25190978685107
2.438628 95.25190978685107
2.455193 95.25190978685107
2.437724 95.25190978685107
2.478684 95.25190978685107
2.420557 95.25190978685107
2.424171 95.25190978685107
2.571146 95.25190978685107
2.367852 95.25190978685107
2.455192 95.25190978685107
2.36514 95.25190978685107
2.488623 95.25190978685107
2.432605 95.25190978685107
2.530788 95.25190978685107
2.45459 95.25190978685107
2.563014 95.25190978685107
2.435014 95.25190978685107
2.525969 95.25190978685107
2.560303 95.25190978685107
2.386223 95.25190978685107
2.362731 95.25190978685107
2.4314 95.25190978685107
2.703362 95.25190978685107
2.371465 95.25190978685107
2.581084 95.25190978685107
2.366044 95.25190978685107
2.366044 95.25190978685107
2.364538 95.25190978685107
2.541932 95.25190978685107
2.369056 95.25190978685107
2.37267 95.25190978685107
2.525066 95.25190978685107
2.376284 95.25190978685107
2.364237 95.25190978685107
2.708783 95.25190978685107
2.450674 95.25190978685107
2.465131 95.25190978685107
2.801244 95.25190978685107
2.587409 95.25190978685107
2.44676 95.25190978685107
2.635898 95.25190978685107
2.434712 95.25190978685107
2.4314 95.25190978685107
2.432605 95.25190978685107
2.484105 95.25190978685107
2.432604 95.25190978685107
2.684388 95.25190978685107
2.384416 95.25190978685107
2.373573 95.25190978685107
2.43652 95.25190978685107
2.541028 95.25190978685107
2.428087 95.25190978685107
2.829856 95.25190978685107
2.375682 95.25190978685107
2.404595 95.25190978685107
2.42899 95.25190978685107
2.478986 95.25190978685107
2.486213 95.25190978685107
2.504585 95.25190978685107
2.430195 95.25190978685107
2.683786 95.25190978685107
3.018393 95.25190978685107
2.581987 95.25190978685107
3.233734 95.25190978685107
2.774139 95.25190978685107
3.009659 95.25190978685107
2.595842 95.25190978685107
2.450374 95.25190978685107
2.52898 95.25190978685107
2.471155 95.25190978685107
2.487719 95.25190978685107
2.850637 95.25190978685107
2.572952 95.25190978685107
2.432906 95.25190978685107
2.478082 95.25190978685107
3.46293 95.25190978685107
2.505791 95.25190978685107
2.553979 95.25190978685107
2.515127 95.25190978685107
2.521753 95.25190978685107
-
2
2.605781 122.7081712687671
2.617828 122.7081712687671
2.570242 122.7081712687671
2.652764 122.7081712687671
2.585602 122.7081712687671
2.585602 122.7081712687671
2.655475 122.7081712687671
2.540726 122.7081712687671
2.672944 122.7081712687671
2.700651 122.7081712687671
2.616322 122.7081712687671
2.541329 122.7081712687671
2.560604 122.7081712687671
2.607889 122.7081712687671
2.519042 122.7081712687671
2.499466 122.7081712687671
2.438929 122.7081712687671
2.666016 122.7081712687671
2.488925 122.7081712687671
2.54163 122.7081712687671
2.434411 122.7081712687671
2.511211 122.7081712687671
2.448566 122.7081712687671
2.680473 122.7081712687671
2.761188 122.7081712687671
2.498562 122.7081712687671
2.450374 122.7081712687671
2.500068 122.7081712687671
2.447362 122.7081712687671
2.665715 122.7081712687671
2.633187 122.7081712687671
2.584999 122.7081712687671
2.45188 122.7081712687671
2.496153 122.7081712687671
2.448265 122.7081712687671
2.667221 122.7081712687671
2.476274 122.7081712687671
2.440134 122.7081712687671
2.524764 122.7081712687671
2.515126 122.7081712687671
2.444651 122.7081712687671
2.785885 122.7081712687671
2.503381 122.7081712687671
2.438929 122.7081712687671
2.447362 122.7081712687671
2.60307 122.7081712687671
2.450675 122.7081712687671
2.82323 122.7081712687671
2.494947 122.7081712687671
2.450976 122.7081712687671
2.459409 122.7081712687671
2.617828 122.7081712687671
2.510308 122.7081712687671
2.442845 122.7081712687671
2.477179 122.7081712687671
2.805762 122.7081712687671
2.606985 122.7081712687671
2.536812 122.7081712687671
2.436519 122.7081712687671
2.438327 122.7081712687671
2.457 122.7081712687671
2.67234 122.7081712687671
2.461517 122.7081712687671
2.433508 122.7081712687671
2.699447 122.7081712687671
2.436519 122.7081712687671
2.454289 122.7081712687671
2.781668 122.7081712687671
2.525065 122.7081712687671
2.450072 122.7081712687671
2.630778 122.7081712687671
2.447663 122.7081712687671
2.433809 122.7081712687671
2.514825 122.7081712687671
2.535004 122.7081712687671
2.435013 122.7081712687671
2.455795 122.7081712687671
2.498261 122.7081712687671
2.431701 122.7081712687671
2.636802 122.7081712687671
2.564821 122.7081712687671
2.520246 122.7081712687671
2.428087 122.7081712687671
2.545244 122.7081712687671
2.433508 122.7081712687671
2.519343 122.7081712687671
2.502176 122.7081712687671
2.492538 122.7081712687671
2.43682 122.7081712687671
2.489225 122.7081712687671
2.601263 122.7081712687671
2.473263 122.7081712687671
2.437122 122.7081712687671
2.485311 122.7081712687671
2.932557 122.7081712687671
2.45188 122.7081712687671
2.605781 122.7081712687671
2.43411 122.7081712687671
2.433508 122.7081712687671
2.466938 122.7081712687671
-
3
2.640717 92.6151843643731
2.378091 92.6151843643731
2.432002 92.6151843643731
2.424172 92.6151843643731
2.364839 92.6151843643731
2.371766 92.6151843643731
2.903946 92.6151843643731
2.508802 92.6151843643731
2.366947 92.6151843643731
2.543438 92.6151843643731
2.373273 92.6151843643731
2.36755 92.6151843643731
2.589818 92.6151843643731
2.494948 92.6151843643731
2.586505 92.6151843643731
2.526572 92.6151843643731
2.4061 92.6151843643731
2.385018 92.6151843643731
2.806064 92.6151843643731
2.401884 92.6151843643731
2.366044 92.6151843643731
2.435917 92.6151843643731
2.458806 92.6151843643731
2.383512 92.6151843643731
2.568736 92.6151843643731
2.575664 92.6151843643731
2.466336 92.6151843643731
2.522656 92.6151843643731
2.421762 92.6151843643731
2.407306 92.6151843643731
2.448868 92.6151843643731
2.368153 92.6151843643731
2.373273 92.6151843643731
2.992792 92.6151843643731
2.422966 92.6151843643731
2.46483 92.6151843643731
2.371465 92.6151843643731
2.373574 92.6151843643731
2.373875 92.6151843643731
2.604576 92.6151843643731
2.444952 92.6151843643731
2.39044 92.6151843643731
2.474167 92.6151843643731
2.383513 92.6151843643731
2.382609 92.6151843643731
2.689809 92.6151843643731
2.461818 92.6151843643731
2.382006 92.6151843643731
2.530788 92.6151843643731
2.384114 92.6151843643731
2.401282 92.6151843643731
2.454891 92.6151843643731
2.411221 92.6151843643731
2.366044 92.6151843643731
2.37267 92.6151843643731
2.515428 92.6151843643731
2.364237 92.6151843643731
2.373273 92.6151843643731
3.737 92.6151843643731
2.386524 92.6151843643731
2.376284 92.6151843643731
2.461216 92.6151843643731
2.378091 92.6151843643731
2.436519 92.6151843643731
2.375381 92.6151843643731
2.389235 92.6151843643731
2.389235 92.6151843643731
2.366948 92.6151843643731
2.389837 92.6151843643731
2.36996 92.6151843643731
2.365743 92.6151843643731
2.364839 92.6151843643731
2.363033 92.6151843643731
2.646741 92.6151843643731
2.393752 92.6151843643731
2.365442 92.6151843643731
2.363032 92.6151843643731
2.368755 92.6151843643731
2.432303 92.6151843643731
2.572049 92.6151843643731
2.37267 92.6151843643731
2.45188 92.6151843643731
2.38562 92.6151843643731
2.369357 92.6151843643731
2.365141 92.6151843643731
2.83347 92.6151843643731
2.36996 92.6151843643731
2.364538 92.6151843643731
2.39044 92.6151843643731
2.368755 92.6151843643731
2.378694 92.6151843643731
2.436519 92.6151843643731
2.368755 92.6151843643731
2.371465 92.6151843643731
2.37779 92.6151843643731
2.363936 92.6151843643731
2.401583 92.6151843643731
2.369055 92.6151843643731
2.700953 92.6151843643731
2.511211 92.6151843643731
-
4
2.530186 176.49459441188185
2.409414 176.49459441188185
2.425979 176.49459441188185
2.407607 176.49459441188185
2.655475 176.49459441188185
2.526873 176.49459441188185
2.512416 176.49459441188185
2.404293 176.49459441188185
2.525969 176.49459441188185
2.44435 176.49459441188185
2.400077 176.49459441188185
2.411521 176.49459441188185
2.675352 176.49459441188185
2.628369 176.49459441188185
2.429894 176.49459441188185
2.404896 176.49459441188185
2.429291 176.49459441188185
2.419353 176.49459441188185
2.405197 176.49459441188185
2.716313 176.49459441188185
2.463324 176.49459441188185
2.48531 176.49459441188185
2.425677 176.49459441188185
2.401282 176.49459441188185
2.404293 176.49459441188185
2.726252 176.49459441188185
2.424171 176.49459441188185
2.497959 176.49459441188185
2.424773 176.49459441188185
2.424773 176.49459441188185
2.400077 176.49459441188185
2.631381 176.49459441188185
2.415437 176.49459441188185
2.406703 176.49459441188185
2.622646 176.49459441188185
2.440133 176.49459441188185
2.402486 176.49459441188185
2.655174 176.49459441188185
2.410317 176.49459441188185
2.403992 176.49459441188185
2.46995 176.49459441188185
2.500971 176.49459441188185
2.40339 176.49459441188185
2.630778 176.49459441188185
2.547955 176.49459441188185
2.537113 176.49459441188185
2.427183 176.49459441188185
2.525066 176.49459441188185
2.436821 176.49459441188185
2.416642 176.49459441188185
2.422966 176.49459441188185
2.401884 176.49459441188185
2.78739 176.49459441188185
2.438327 176.49459441188185
3.550873 176.49459441188185
2.703362 176.49459441188185
2.430797 176.49459441188185
2.507597 176.49459441188185
2.405499 176.49459441188185
2.538016 176.49459441188185
2.684388 176.49459441188185
2.460313 176.49459441188185
2.434411 176.49459441188185
2.62596 176.49459441188185
2.41875 176.49459441188185
2.416341 176.49459441188185
2.552473 176.49459441188185
2.405197 176.49459441188185
2.414834 176.49459441188185
2.447663 176.49459441188185
2.4829 176.49459441188185
2.410919 176.49459441188185
2.450374 176.49459441188185
2.511212 176.49459441188185
2.410618 176.49459441188185
2.407305 176.49459441188185
2.706073 176.49459441188185
2.968097 176.49459441188185
2.519343 176.49459441188185
2.592529 176.49459441188185
2.421461 176.49459441188185
2.478986 176.49459441188185
2.57747 176.49459441188185
2.650958 176.49459441188185
2.508802 176.49459441188185
2.581386 176.49459441188185
2.481997 176.49459441188185
2.417545 176.49459441188185
2.407305 176.49459441188185
2.406101 176.49459441188185
2.547051 176.49459441188185
2.59042 176.49459441188185
2.537715 176.49459441188185
2.461216 176.49459441188185
2.42146 176.49459441188185
2.427484 176.49459441188185
2.677461 176.49459441188185
2.490731 176.49459441188185
2.597649 176.49459441188185
2.408209 176.49459441188185
-
5
2.393753 143.94766302454428
2.395259 143.94766302454428
3.002732 143.94766302454428
3.452087 143.94766302454428
3.501782 143.94766302454428
2.461216 143.94766302454428
2.730166 143.94766302454428
3.281622 143.94766302454428
2.746731 143.94766302454428
2.955447 143.94766302454428
2.691014 143.94766302454428
3.105433 143.94766302454428
2.854251 143.94766302454428
2.535908 143.94766302454428
4.858583 143.94766302454428
3.746337 143.94766302454428
3.682789 143.94766302454428
2.666618 143.94766302454428
2.413329 143.94766302454428
2.747936 143.94766302454428
2.400378 143.94766302454428
2.386524 143.94766302454428
2.440435 143.94766302454428
2.38532 143.94766302454428
2.43923 143.94766302454428
2.867504 143.94766302454428
2.519042 143.94766302454428
2.38291 143.94766302454428
2.575362 143.94766302454428
2.393451 143.94766302454428
2.416642 143.94766302454428
2.601865 143.94766302454428
3.479795 143.94766302454428
2.579579 143.94766302454428
2.78498 143.94766302454428
2.498863 143.94766302454428
2.649451 143.94766302454428
2.411823 143.94766302454428
2.610901 143.94766302454428
2.501273 143.94766302454428
2.412727 143.94766302454428
2.389837 143.94766302454428
2.576266 143.94766302454428
2.396162 143.94766302454428
2.455494 143.94766302454428
2.453686 143.94766302454428
2.447964 143.94766302454428
2.395861 143.94766302454428
2.563917 143.94766302454428
2.429894 143.94766302454428
2.389235 143.94766302454428
2.485009 143.94766302454428
2.45188 143.94766302454428
2.825037 143.94766302454428
2.872021 143.94766302454428
2.625959 143.94766302454428
2.555484 143.94766302454428
2.572952 143.94766302454428
6.7572 143.94766302454428
2.700651 143.94766302454428
2.75667 143.94766302454428
2.841903 143.94766302454428
2.619032 143.94766302454428
2.451578 143.94766302454428
2.543437 143.94766302454428
2.39074 143.94766302454428
2.633188 143.94766302454428
2.591626 143.94766302454428
2.550364 143.94766302454428
2.384416 143.94766302454428
2.51091 143.94766302454428
2.515729 143.94766302454428
2.869913 143.94766302454428
2.666317 143.94766302454428
2.610901 143.94766302454428
2.42628 143.94766302454428
2.490129 143.94766302454428
2.509404 143.94766302454428
2.622045 143.94766302454428
2.616925 143.94766302454428
2.568134 143.94766302454428
2.536209 143.94766302454428
2.59283 143.94766302454428
2.4573 143.94766302454428
2.680473 143.94766302454428
2.71059 143.94766302454428
2.582289 143.94766302454428
2.522958 143.94766302454428
2.785884 143.94766302454428
2.554581 143.94766302454428
2.62084 143.94766302454428
2.796426 143.94766302454428
2.634092 143.94766302454428
2.494345 143.94766302454428
2.823532 143.94766302454428
2.448867 143.94766302454428
2.496454 143.94766302454428
2.463023 143.94766302454428
2.701856 143.94766302454428
3.072905 143.94766302454428
-
6
2.457903 132.32495507396152
2.460011 132.32495507396152
2.837687 132.32495507396152
2.613612 132.32495507396152
2.483804 132.32495507396152
2.885875 132.32495507396152
2.45218 132.32495507396152
2.453085 132.32495507396152
2.824134 132.32495507396152
2.563315 132.32495507396152
2.480491 132.32495507396152
2.46483 132.32495507396152
2.455795 132.32495507396152
2.395258 132.32495507396152
2.778053 132.32495507396152
2.628369 132.32495507396152
2.39044 132.32495507396152
2.732877 132.32495507396152
2.561809 132.32495507396152
2.386825 132.32495507396152
2.681376 132.32495507396152
2.629875 132.32495507396152
2.389235 132.32495507396152
2.578675 132.32495507396152
2.578675 132.32495507396152
2.385621 132.32495507396152
2.49555 132.32495507396152
2.847626 132.32495507396152
2.41363 132.32495507396152
2.466035 132.32495507396152
2.554581 132.32495507396152
2.458806 132.32495507396152
2.397969 132.32495507396152
2.523258 132.32495507396152
2.396463 132.32495507396152
2.514826 132.32495507396152
2.57476 132.32495507396152
2.413329 132.32495507396152
2.550063 132.32495507396152
2.390741 132.32495507396152
2.38562 132.32495507396152
2.500068 132.32495507396152
2.574157 132.32495507396152
2.570845 132.32495507396152
2.803051 132.32495507396152
2.504886 132.32495507396152
2.385621 132.32495507396152
2.43411 132.32495507396152
2.575965 132.32495507396152
2.420859 132.32495507396152
2.481094 132.32495507396152
2.388632 132.32495507396152
2.387126 132.32495507396152
2.388633 132.32495507396152
2.637103 132.32495507396152
2.499164 132.32495507396152
2.507898 132.32495507396152
2.472058 132.32495507396152
2.458505 132.32495507396152
2.47778 132.32495507396152
2.931654 132.32495507396152
2.51091 132.32495507396152
2.537715 132.32495507396152
2.504284 132.32495507396152
2.462722 132.32495507396152
2.456698 132.32495507396152
2.681075 132.32495507396152
2.689507 132.32495507396152
2.669329 132.32495507396152
2.714807 132.32495507396152
6.874961 132.32495507396152
2.535908 132.32495507396152
3.39667 132.32495507396152
2.568133 132.32495507396152
2.505791 132.32495507396152
2.462722 132.32495507396152
2.460313 132.32495507396152
2.553376 132.32495507396152
2.503381 132.32495507396152
2.674148 132.32495507396152
2.455795 132.32495507396152
2.462721 132.32495507396152
2.453987 132.32495507396152
2.507597 132.32495507396152
2.539823 132.32495507396152
2.543738 132.32495507396152
2.524162 132.32495507396152
2.51844 132.32495507396152
2.52115 132.32495507396152
2.530185 132.32495507396152
2.513621 132.32495507396152
2.471154 132.32495507396152
2.50338 132.32495507396152
2.449169 132.32495507396152
2.45971 132.32495507396152
2.477479 132.32495507396152
2.524463 132.32495507396152
2.404896 132.32495507396152
2.491635 132.32495507396152
2.386524 132.32495507396152
-
7
2.401583 88.98662719192782
2.385319 88.98662719192782
2.511211 88.98662719192782
2.500971 88.98662719192782
2.499164 88.98662719192782
2.40851 88.98662719192782
2.454891 88.98662719192782
2.49314 88.98662719192782
2.390139 88.98662719192782
2.387428 88.98662719192782
2.383211 88.98662719192782
2.533799 88.98662719192782
2.386223 88.98662719192782
2.38291 88.98662719192782
2.393452 88.98662719192782
2.392849 88.98662719192782
2.383512 88.98662719192782
2.542534 88.98662719192782
2.668124 88.98662719192782
2.688605 88.98662719192782
2.384717 88.98662719192782
2.469047 88.98662719192782
2.383512 88.98662719192782
2.584398 88.98662719192782
2.399475 88.98662719192782
2.486515 88.98662719192782
2.396463 88.98662719192782
2.418148 88.98662719192782
2.398872 88.98662719192782
2.542835 88.98662719192782
2.528378 88.98662719192782
2.437724 88.98662719192782
2.390138 88.98662719192782
2.420557 88.98662719192782
2.383814 88.98662719192782
2.620539 88.98662719192782
2.594035 88.98662719192782
2.386223 88.98662719192782
2.529884 88.98662719192782
2.393753 88.98662719192782
2.387127 88.98662719192782
2.547353 88.98662719192782
2.556689 88.98662719192782
2.629573 88.98662719192782
2.674449 88.98662719192782
2.386825 88.98662719192782
2.381706 88.98662719192782
2.384115 88.98662719192782
2.393753 88.98662719192782
2.38291 88.98662719192782
2.671136 88.98662719192782
2.562111 88.98662719192782
2.393752 88.98662719192782
2.416943 88.98662719192782
2.459409 88.98662719192782
2.383211 88.98662719192782
2.560001 88.98662719192782
2.433507 88.98662719192782
2.474467 88.98662719192782
2.399475 88.98662719192782
2.393451 88.98662719192782
2.392246 88.98662719192782
2.528077 88.98662719192782
2.419955 88.98662719192782
2.520246 88.98662719192782
2.383814 88.98662719192782
2.404294 88.98662719192782
2.409414 88.98662719192782
2.479889 88.98662719192782
2.450072 88.98662719192782
2.385621 88.98662719192782
2.407908 88.98662719192782
2.385922 88.98662719192782
2.383512 88.98662719192782
2.38803 88.98662719192782
2.501875 88.98662719192782
2.384115 88.98662719192782
2.405498 88.98662719192782
2.394957 88.98662719192782
2.384416 88.98662719192782
2.40339 88.98662719192782
2.512114 88.98662719192782
2.487719 88.98662719192782
2.504586 88.98662719192782
2.543136 88.98662719192782
2.438627 88.98662719192782
2.39074 88.98662719192782
2.385922 88.98662719192782
2.389536 88.98662719192782
2.395258 88.98662719192782
2.599456 88.98662719192782
2.474167 88.98662719192782
2.394656 88.98662719192782
2.383814 88.98662719192782
2.386223 88.98662719192782
2.382308 88.98662719192782
2.691918 88.98662719192782
2.589216 88.98662719192782
2.381706 88.98662719192782
2.389235 88.98662719192782
-
8
2.368754 70.64304819217247
2.388633 70.64304819217247
2.875334 70.64304819217247
2.452181 70.64304819217247
2.682279 70.64304819217247
2.829254 70.64304819217247
2.442543 70.64304819217247
2.434412 70.64304819217247
2.778053 70.64304819217247
2.450373 70.64304819217247
2.525969 70.64304819217247
2.687098 70.64304819217247
2.441037 70.64304819217247
2.364237 70.64304819217247
2.657583 70.64304819217247
2.495851 70.64304819217247
2.366345 70.64304819217247
2.797931 70.64304819217247
2.364237 70.64304819217247
2.362731 70.64304819217247
3.642431 70.64304819217247
2.435315 70.64304819217247
2.392849 70.64304819217247
2.953038 70.64304819217247
2.435315 70.64304819217247
2.429593 70.64304819217247
2.463625 70.64304819217247
2.427183 70.64304819217247
2.623249 70.64304819217247
2.928341 70.64304819217247
2.378693 70.64304819217247
2.365743 70.64304819217247
2.452481 70.64304819217247
2.428087 70.64304819217247
2.561207 70.64304819217247
2.4826 70.64304819217247
2.397066 70.64304819217247
2.577169 70.64304819217247
2.501574 70.64304819217247
2.366947 70.64304819217247
2.450675 70.64304819217247
2.735588 70.64304819217247
2.570242 70.64304819217247
2.504887 70.64304819217247
2.617526 70.64304819217247
2.362431 70.64304819217247
2.531089 70.64304819217247
2.54916 70.64304819217247
2.488322 70.64304819217247
2.409715 70.64304819217247
2.541931 70.64304819217247
2.391343 70.64304819217247
2.535908 70.64304819217247
2.773837 70.64304819217247
2.367249 70.64304819217247
2.393753 70.64304819217247
2.74884 70.64304819217247
2.362731 70.64304819217247
2.534704 70.64304819217247
2.762694 70.64304819217247
2.368153 70.64304819217247
2.456999 70.64304819217247
2.770524 70.64304819217247
2.361827 70.64304819217247
2.397969 70.64304819217247
2.791004 70.64304819217247
2.368453 70.64304819217247
2.475371 70.64304819217247
2.816002 70.64304819217247
2.376585 70.64304819217247
2.371164 70.64304819217247
2.673847 70.64304819217247
2.448566 70.64304819217247
2.438026 70.64304819217247
2.48019 70.64304819217247
2.445554 70.64304819217247
2.386524 70.64304819217247
2.788294 70.64304819217247
2.368454 70.64304819217247
2.613009 70.64304819217247
2.609093 70.64304819217247
2.904548 70.64304819217247
2.540426 70.64304819217247
2.430195 70.64304819217247
2.425979 70.64304819217247
2.470251 70.64304819217247
2.375079 70.64304819217247
2.494045 70.64304819217247
2.360924 70.64304819217247
2.363334 70.64304819217247
2.370863 70.64304819217247
2.776548 70.64304819217247
3.002431 70.64304819217247
2.502778 70.64304819217247
2.396764 70.64304819217247
2.371164 70.64304819217247
2.368152 70.64304819217247
2.565423 70.64304819217247
2.46724 70.64304819217247
2.403691 70.64304819217247
-
9
2.532896 64.55544230603863
2.403088 64.55544230603863
2.417545 64.55544230603863
2.396463 64.55544230603863
2.396463 64.55544230603863
2.406703 64.55544230603863
2.630778 64.55544230603863
2.57988 64.55544230603863
2.400679 64.55544230603863
2.400378 64.55544230603863
2.404896 64.55544230603863
2.4314 64.55544230603863
2.605178 64.55544230603863
2.467842 64.55544230603863
2.404896 64.55544230603863
2.401281 64.55544230603863
2.424472 64.55544230603863
2.399776 64.55544230603863
2.510308 64.55544230603863
2.519343 64.55544230603863
2.502477 64.55544230603863
2.39827 64.55544230603863
2.396463 64.55544230603863
2.401884 64.55544230603863
2.397969 64.55544230603863
2.543136 64.55544230603863
2.447965 64.55544230603863
2.423871 64.55544230603863
2.407908 64.55544230603863
2.411823 64.55544230603863
2.408209 64.55544230603863
2.483503 64.55544230603863
2.396463 64.55544230603863
2.450373 64.55544230603863
2.415136 64.55544230603863
2.416341 64.55544230603863
2.404293 64.55544230603863
2.510609 64.55544230603863
2.530487 64.55544230603863
2.514223 64.55544230603863
2.443145 64.55544230603863
2.44164 64.55544230603863
2.401583 64.55544230603863
2.412425 64.55544230603863
2.39827 64.55544230603863
2.397969 64.55544230603863
2.676256 64.55544230603863
2.514826 64.55544230603863
2.505791 64.55544230603863
2.425978 64.55544230603863
2.399173 64.55544230603863
2.397065 64.55544230603863
2.546148 64.55544230603863
2.531089 64.55544230603863
2.4061 64.55544230603863
2.402186 64.55544230603863
2.428388 64.55544230603863
2.422666 64.55544230603863
2.560303 64.55544230603863
2.464529 64.55544230603863
3.36053 64.55544230603863
2.933762 64.55544230603863
2.663908 64.55544230603863
2.637404 64.55544230603863
2.513621 64.55544230603863
2.62084 64.55544230603863
3.468652 64.55544230603863
2.547051 64.55544230603863
2.443748 64.55544230603863
2.658487 64.55544230603863
2.40339 64.55544230603863
2.531089 64.55544230603863
2.397366 64.55544230603863
2.405498 64.55544230603863
2.419352 64.55544230603863
2.491334 64.55544230603863
2.499164 64.55544230603863
2.525668 64.55544230603863
2.593132 64.55544230603863
2.429893 64.55544230603863
2.405197 64.55544230603863
2.41122 64.55544230603863
2.400378 64.55544230603863
2.402185 64.55544230603863
2.856058 64.55544230603863
2.550665 64.55544230603863
2.415136 64.55544230603863
2.397667 64.55544230603863
2.397969 64.55544230603863
2.440736 64.55544230603863
2.56211 64.55544230603863
2.560002 64.55544230603863
2.401282 64.55544230603863
2.397065 64.55544230603863
2.413028 64.55544230603863
2.444952 64.55544230603863
2.684086 64.55544230603863
2.61843 64.55544230603863
2.678967 64.55544230603863
2.499767 64.55544230603863
-
10
2.464529 87.30066467149673
2.426581 87.30066467149673
2.513621 87.30066467149673
2.478684 87.30066467149673
2.538317 87.30066467149673
2.406101 87.30066467149673
2.397065 87.30066467149673
2.39556 87.30066467149673
3.098204 87.30066467149673
2.400077 87.30066467149673
2.503682 87.30066467149673
2.398872 87.30066467149673
2.394656 87.30066467149673
2.400077 87.30066467149673
2.644632 87.30066467149673
2.420858 87.30066467149673
2.491333 87.30066467149673
2.572651 87.30066467149673
2.402486 87.30066467149673
2.396764 87.30066467149673
2.405197 87.30066467149673
2.398873 87.30066467149673
2.413028 87.30066467149673
2.938882 87.30066467149673
2.406703 87.30066467149673
2.416943 87.30066467149673
2.410016 87.30066467149673
2.393752 87.30066467149673
2.410317 87.30066467149673
2.559098 87.30066467149673
2.403089 87.30066467149673
2.412125 87.30066467149673
2.411823 87.30066467149673
2.399776 87.30066467149673
2.404896 87.30066467149673
2.581988 87.30066467149673
2.539823 87.30066467149673
2.485611 87.30066467149673
2.494646 87.30066467149673
2.4826 87.30066467149673
2.467842 87.30066467149673
2.95876 87.30066467149673
2.91509 87.30066467149673
2.613611 87.30066467149673
2.568736 87.30066467149673
2.481094 87.30066467149673
2.668726 87.30066467149673
2.511512 87.30066467149673
2.527174 87.30066467149673
2.39827 87.30066467149673
2.404595 87.30066467149673
2.397667 87.30066467149673
2.394958 87.30066467149673
2.67716 87.30066467149673
2.477479 87.30066467149673
2.50579 87.30066467149673
2.461819 87.30066467149673
2.46212 87.30066467149673
2.458807 87.30066467149673
2.459409 87.30066467149673
2.49796 87.30066467149673
2.641621 87.30066467149673
2.503381 87.30066467149673
2.401884 87.30066467149673
2.407908 87.30066467149673
2.405799 87.30066467149673
2.410317 87.30066467149673
2.791607 87.30066467149673
2.585 87.30066467149673
2.396463 87.30066467149673
2.453385 87.30066467149673
2.397065 87.30066467149673
2.42658 87.30066467149673
2.796426 87.30066467149673
2.532594 87.30066467149673
2.465131 87.30066467149673
2.415437 87.30066467149673
2.409113 87.30066467149673
2.397367 87.30066467149673
2.584096 87.30066467149673
2.653066 87.30066467149673
2.582892 87.30066467149673
2.395259 87.30066467149673
2.397065 87.30066467149673
2.409715 87.30066467149673
2.611504 87.30066467149673
2.471757 87.30066467149673
2.423568 87.30066467149673
2.456698 87.30066467149673
2.397969 87.30066467149673
2.428689 87.30066467149673
2.39556 87.30066467149673
2.586806 87.30066467149673
2.41363 87.30066467149673
2.529583 87.30066467149673
2.420256 87.30066467149673
2.392246 87.30066467149673
2.399474 87.30066467149673
2.39586 87.30066467149673
2.401884 87.30066467149673
-
