
86.0,112.0,114.0,109.0,102.0,106.0,78.0,67.0,78.0,75.0,74.0,102.0,88.0,112.0,114.0,86.0,58.0,81.0,71.0,65.0,69.0,110.0,88.0,107.0,28.0;
106.0,93.0,113.0,87.0,109.0,96.0,68.0,83.0,85.0,60.0,76.0,106.0,95.0,108.0,110.0,111.0,71.0,78.0,83.0,61.0,61.0,96.0,102.0,112.0,116.0;104.0,98.0,108.0,92.0,110.0,105.0,57.0,69.0,79.0,70.0,81.0,93.0,90.0,107.0,107.0,87.0,56.0,62.0,75.0,58.0,70.0,105.0,113.0,106.0,14.0;
107.0,96.0,103.0,100.0,91.0,108.0,68.0,71.0,62.0,68.0,58.0,103.0,90.0,87.0,98.0,105.0,73.0,72.0,69.0,80.0,70.0,112.0,99.0,96.0,166.0;92.0,112.0,105.0,104.0,94.0,85.0,66.0,61.0,84.0,63.0,68.0,99.0,112.0,112.0,112.0,108.0,65.0,72.0,56.0,67.0,69.0,89.0,85.0,106.0,195.0;93.0,98.0,112.0,92.0,102.0,104.0,77.0,83.0,82.0,58.0,82.0,114.0,102.0,103.0,89.0,101.0,59.0,84.0,63.0,57.0,72.0,109.0,113.0,90.0,119.0;
94.0,96.0,113.0,98.0,106.0,110.0,61.0,70.0,76.0,75.0,57.0,103.0,99.0,106.0,106.0,114.0,58.0,69.0,63.0,69.0,56.0,107.0,99.0,105.0,114.0;102.0,110.0,93.0,109.0,91.0,100.0,84.0,73.0,62.0,80.0,73.0,86.0,109.0,108.0,93.0,114.0,71.0,61.0,63.0,66.0,73.0,86.0,93.0,114.0,8.0;99.0,106.0,94.0,109.0,113.0,111.0,82.0,69.0,56.0,65.0,79.0,94.0,92.0,95.0,94.0,98.0,71.0,83.0,75.0,72.0,63.0,87.0,108.0,107.0,37.0;88.0,95.0,113.0,102.0,102.0,114.0,80.0,67.0,62.0,68.0,72.0,97.0,110.0,92.0,90.0,104.0,68.0,65.0,68.0,81.0,68.0,107.0,106.0,90.0,43.0;
105.0,88.0,104.0,103.0,105.0,88.0,73.0,69.0,67.0,74.0,84.0,112.0,102.0,92.0,91.0,86.0,62.0,57.0,58.0,84.0,61.0,110.0,106.0,100.0,21.0;113.0,101.0,111.0,110.0,106.0,85.0,64.0,64.0,64.0,77.0,62.0,97.0,90.0,89.0,93.0,102.0,58.0,60.0,66.0,73.0,81.0,99.0,90.0,106.0,144.0;104.0,91.0,95.0,95.0,111.0,86.0,66.0,85.0,60.0,70.0,60.0,88.0,95.0,86.0,102.0,85.0,60.0,62.0,75.0,58.0,71.0,95.0,87.0,112.0,159.0;85.0,85.0,91.0,102.0,96.0,109.0,60.0,57.0,76.0,68.0,73.0,88.0,98.0,114.0,110.0,86.0,63.0,85.0,63.0,64.0,85.0,114.0,96.0,107.0,193.0;100.0,110.0,90.0,101.0,98.0,108.0,73.0,70.0,65.0,63.0,61.0,113.0,89.0,91.0,106.0,91.0,60.0,80.0,77.0,68.0,66.0,91.0,87.0,110.0,111.0;
93.0,87.0,99.0,106.0,99.0,95.0,60.0,78.0,82.0,80.0,70.0,90.0,104.0,100.0,85.0,107.0,69.0,77.0,79.0,70.0,67.0,104.0,86.0,110.0,61.0;102.0,95.0,100.0,102.0,96.0,107.0,79.0,67.0,58.0,81.0,79.0,90.0,92.0,101.0,85.0,95.0,67.0,80.0,70.0,58.0,80.0,89.0,95.0,111.0,88.0;87.0,92.0,112.0,111.0,99.0,113.0,65.0,83.0,78.0,81.0,73.0,90.0,87.0,112.0,112.0,108.0,80.0,77.0,56.0,67.0,56.0,95.0,92.0,101.0,102.0;104.0,113.0,106.0,92.0,109.0,106.0,69.0,66.0,81.0,64.0,57.0,90.0,86.0,108.0,111.0,95.0,60.0,84.0,76.0,64.0,81.0,88.0,112.0,89.0,195.0;114.0,99.0,91.0,91.0,108.0,108.0,85.0,85.0,72.0,77.0,70.0,103.0,110.0,93.0,102.0,99.0,83.0,80.0,60.0,71.0,57.0,94.0,96.0,101.0,185.0;92.0,114.0,94.0,94.0,98.0,106.0,72.0,83.0,63.0,64.0,71.0,97.0,108.0,110.0,97.0,109.0,68.0,57.0,80.0,85.0,80.0,99.0,99.0,97.0,27.0;
113.0,85.0,102.0,108.0,96.0,104.0,70.0,77.0,77.0,82.0,72.0,110.0,99.0,93.0,98.0,102.0,80.0,71.0,78.0,67.0,83.0,96.0,99.0,104.0,24.0;104.0,102.0,112.0,94.0,97.0,111.0,73.0,80.0,58.0,62.0,62.0,102.0,90.0,103.0,109.0,92.0,61.0,76.0,70.0,72.0,74.0,104.0,109.0,112.0,71.0;106.0,113.0,89.0,87.0,105.0,100.0,77.0,79.0,75.0,79.0,79.0,87.0,97.0,103.0,113.0,86.0,62.0,68.0,56.0,85.0,72.0,110.0,97.0,94.0,77.0;91.0,99.0,103.0,114.0,91.0,95.0,79.0,72.0,80.0,80.0,75.0,92.0,109.0,94.0,114.0,96.0,70.0,62.0,58.0,66.0,73.0,86.0,113.0,111.0,143.0;94.0,96.0,114.0,108.0,113.0,95.0,56.0,65.0,81.0,73.0,82.0,110.0,106.0,89.0,107.0,85.0,85.0,80.0,68.0,71.0,78.0,95.0,108.0,88.0,79.0;89.0,99.0,108.0,111.0,92.0,86.0,68.0,77.0,73.0,75.0,58.0,114.0,95.0,85.0,96.0,108.0,60.0,72.0,75.0,72.0,66.0,89.0,95.0,107.0,71.0;100.0,85.0,106.0,114.0,107.0,110.0,78.0,65.0,77.0,62.0,85.0,112.0,111.0,86.0,90.0,85.0,59.0,61.0,85.0,67.0,70.0,93.0,91.0,94.0,105.0;
92.0,113.0,92.0,87.0,106.0,95.0,65.0,60.0,60.0,72.0,75.0,95.0,88.0,112.0,102.0,85.0,77.0,71.0,66.0,69.0,79.0,110.0,98.0,105.0,177.0;104.0,108.0,99.0,102.0,91.0,98.0,58.0,65.0,81.0,59.0,85.0,99.0,112.0,88.0,92.0,94.0,67.0,66.0,73.0,61.0,69.0,102.0,86.0,108.0,26.0;93.0,104.0,94.0,104.0,106.0,94.0,73.0,76.0,81.0,80.0,80.0,96.0,109.0,86.0,98.0,113.0,84.0,71.0,71.0,85.0,60.0,106.0,95.0,100.0,113.0;95.0,110.0,102.0,113.0,105.0,100.0,79.0,57.0,68.0,67.0,58.0,93.0,110.0,108.0,98.0,101.0,81.0,64.0,80.0,58.0,82.0,108.0,112.0,91.0,21.0;99.0,88.0,111.0,112.0,99.0,113.0,82.0,76.0,75.0,69.0,56.0,85.0,94.0,110.0,92.0,95.0,85.0,58.0,84.0,81.0,84.0,100.0,94.0,102.0,1.0;102.0,92.0,113.0,113.0,90.0,89.0,81.0,56.0,65.0,59.0,74.0,110.0,93.0,102.0,97.0,99.0,61.0,71.0,82.0,76.0,66.0,113.0,97.0,96.0,187.0;97.0,107.0,86.0,85.0,90.0,88.0,73.0,75.0,56.0,59.0,84.0,92.0,97.0,107.0,94.0,104.0,64.0,77.0,85.0,71.0,66.0,101.0,110.0,103.0,145.0;109.0,100.0,97.0,85.0,108.0,87.0,74.0,85.0,60.0,57.0,66.0,97.0,110.0,100.0,107.0,109.0,78.0,66.0,65.0,73.0,56.0,106.0,88.0,89.0,150.0;
99.0,114.0,105.0,113.0,99.0,95.0,77.0,58.0,73.0,72.0,59.0,107.0,94.0,112.0,111.0,110.0,59.0,74.0,72.0,83.0,63.0,96.0,114.0,108.0,2.0;88.0,97.0,112.0,91.0,89.0,93.0,65.0,61.0,75.0,65.0,84.0,107.0,96.0,113.0,113.0,108.0,76.0,69.0,60.0,73.0,73.0,110.0,111.0,89.0,24.0;100.0,86.0,111.0,85.0,92.0,89.0,81.0,64.0,85.0,75.0,74.0,104.0,110.0,98.0,98.0,100.0,66.0,76.0,83.0,82.0,65.0,85.0,110.0,87.0,68.0;92.0,97.0,107.0,86.0,85.0,103.0,84.0,82.0,83.0,63.0,60.0,86.0,106.0,99.0,112.0,106.0,71.0,57.0,81.0,66.0,68.0,89.0,93.0,105.0,176.0;90.0,90.0,90.0,99.0,94.0,90.0,77.0,71.0,57.0,76.0,66.0,112.0,90.0,107.0,114.0,96.0,64.0,70.0,78.0,79.0,68.0,98.0,112.0,98.0,50.0;99.0,96.0,85.0,102.0,110.0,91.0,81.0,72.0,59.0,76.0,62.0,96.0,92.0,87.0,105.0,108.0,59.0,63.0,58.0,79.0,63.0,114.0,86.0,96.0,175.0;113.0,96.0,109.0,105.0,86.0,114.0,75.0,75.0,62.0,76.0,76.0,93.0,98.0,113.0,98.0,100.0,83.0,57.0,68.0,61.0,67.0,98.0,92.0,100.0,193.0;111.0,105.0,113.0,85.0,85.0,87.0,81.0,60.0,63.0,83.0,73.0,86.0,87.0,100.0,87.0,111.0,85.0,66.0,66.0,69.0,79.0,104.0,94.0,98.0,36.0;90.0,111.0,94.0,103.0,89.0,99.0,57.0,70.0,74.0,74.0,76.0,95.0,104.0,101.0,99.0,111.0,78.0,80.0,60.0,70.0,84.0,103.0,92.0,95.0,161.0;
