
112.0,111.0,87.0,111.0,104.0,113.0,64.0,80.0,62.0,77.0,79.0,89.0,93.0,91.0,113.0,86.0,70.0,67.0,78.0,85.0,64.0,86.0,93.0,86.0,56.0;
102.0,101.0,96.0,106.0,88.0,92.0,58.0,80.0,75.0,77.0,85.0,112.0,86.0,107.0,93.0,99.0,64.0,69.0,69.0,59.0,65.0,92.0,90.0,107.0,48.0;105.0,93.0,94.0,98.0,95.0,107.0,80.0,67.0,82.0,73.0,57.0,114.0,94.0,89.0,104.0,100.0,77.0,84.0,84.0,78.0,73.0,114.0,107.0,100.0,76.0;
114.0,86.0,90.0,95.0,87.0,99.0,65.0,71.0,81.0,66.0,78.0,114.0,95.0,102.0,109.0,99.0,73.0,81.0,73.0,73.0,75.0,114.0,102.0,104.0,123.0;108.0,108.0,90.0,104.0,112.0,105.0,64.0,58.0,62.0,81.0,68.0,88.0,106.0,100.0,104.0,99.0,65.0,66.0,60.0,72.0,72.0,95.0,87.0,103.0,124.0;109.0,105.0,114.0,91.0,92.0,101.0,74.0,60.0,65.0,65.0,68.0,109.0,105.0,86.0,97.0,88.0,64.0,76.0,66.0,63.0,78.0,108.0,91.0,88.0,124.0;
104.0,90.0,109.0,93.0,109.0,95.0,80.0,85.0,64.0,76.0,63.0,85.0,99.0,97.0,111.0,114.0,77.0,78.0,72.0,58.0,69.0,93.0,107.0,86.0,52.0;86.0,105.0,96.0,114.0,95.0,96.0,62.0,68.0,81.0,66.0,58.0,108.0,90.0,114.0,89.0,89.0,75.0,68.0,83.0,74.0,74.0,90.0,98.0,100.0,53.0;108.0,97.0,102.0,92.0,102.0,85.0,79.0,63.0,65.0,59.0,85.0,103.0,102.0,107.0,105.0,105.0,62.0,64.0,59.0,56.0,82.0,112.0,111.0,98.0,194.0;112.0,89.0,113.0,97.0,97.0,104.0,68.0,56.0,83.0,84.0,78.0,104.0,97.0,100.0,107.0,90.0,81.0,74.0,68.0,85.0,61.0,97.0,97.0,96.0,121.0;
104.0,113.0,88.0,86.0,98.0,110.0,65.0,65.0,65.0,62.0,58.0,92.0,88.0,103.0,112.0,108.0,68.0,57.0,69.0,74.0,66.0,97.0,93.0,102.0,169.0;88.0,93.0,99.0,113.0,88.0,113.0,81.0,64.0,67.0,61.0,57.0,87.0,98.0,96.0,98.0,87.0,66.0,75.0,72.0,71.0,85.0,90.0,92.0,113.0,179.0;94.0,112.0,96.0,109.0,109.0,110.0,73.0,57.0,68.0,76.0,78.0,105.0,86.0,101.0,108.0,93.0,66.0,67.0,64.0,71.0,64.0,94.0,101.0,108.0,145.0;87.0,91.0,91.0,85.0,106.0,101.0,59.0,63.0,73.0,65.0,79.0,101.0,85.0,96.0,101.0,92.0,62.0,61.0,80.0,77.0,84.0,101.0,95.0,88.0,46.0;95.0,110.0,95.0,108.0,108.0,105.0,84.0,56.0,77.0,73.0,76.0,96.0,96.0,108.0,86.0,105.0,79.0,64.0,56.0,56.0,85.0,102.0,92.0,112.0,141.0;
98.0,96.0,97.0,98.0,96.0,97.0,78.0,76.0,63.0,65.0,65.0,101.0,96.0,110.0,114.0,105.0,78.0,73.0,61.0,59.0,82.0,113.0,94.0,85.0,142.0;107.0,87.0,86.0,91.0,108.0,113.0,62.0,73.0,77.0,69.0,59.0,91.0,92.0,100.0,109.0,93.0,78.0,81.0,78.0,84.0,67.0,108.0,94.0,107.0,173.0;85.0,92.0,88.0,103.0,105.0,94.0,56.0,61.0,82.0,58.0,57.0,89.0,86.0,88.0,86.0,92.0,76.0,82.0,83.0,85.0,63.0,109.0,85.0,106.0,79.0;104.0,95.0,112.0,91.0,104.0,110.0,73.0,71.0,63.0,74.0,64.0,106.0,114.0,114.0,107.0,86.0,82.0,71.0,62.0,63.0,69.0,112.0,95.0,107.0,101.0;97.0,107.0,105.0,94.0,91.0,113.0,72.0,57.0,60.0,81.0,70.0,106.0,101.0,92.0,94.0,102.0,63.0,69.0,64.0,76.0,58.0,95.0,103.0,95.0,143.0;97.0,106.0,86.0,97.0,113.0,91.0,59.0,74.0,85.0,80.0,77.0,90.0,98.0,96.0,86.0,94.0,57.0,58.0,60.0,80.0,85.0,114.0,108.0,94.0,27.0;
104.0,101.0,107.0,87.0,102.0,90.0,77.0,69.0,80.0,66.0,57.0,103.0,112.0,96.0,88.0,94.0,59.0,58.0,69.0,57.0,69.0,105.0,103.0,112.0,194.0;110.0,114.0,109.0,107.0,114.0,114.0,85.0,76.0,65.0,83.0,60.0,96.0,88.0,87.0,94.0,103.0,65.0,63.0,72.0,63.0,85.0,114.0,91.0,112.0,123.0;113.0,93.0,98.0,92.0,99.0,114.0,59.0,60.0,59.0,60.0,80.0,108.0,99.0,106.0,100.0,88.0,60.0,70.0,69.0,62.0,71.0,101.0,112.0,112.0,118.0;88.0,103.0,89.0,96.0,98.0,85.0,68.0,84.0,59.0,70.0,73.0,111.0,108.0,96.0,89.0,100.0,74.0,65.0,58.0,72.0,63.0,92.0,99.0,109.0,9.0;103.0,92.0,109.0,87.0,110.0,97.0,58.0,66.0,65.0,83.0,65.0,96.0,88.0,90.0,87.0,94.0,73.0,80.0,83.0,61.0,77.0,101.0,85.0,101.0,76.0;107.0,109.0,90.0,95.0,99.0,104.0,72.0,71.0,74.0,64.0,68.0,92.0,89.0,94.0,89.0,98.0,67.0,72.0,84.0,62.0,67.0,114.0,106.0,85.0,169.0;103.0,112.0,93.0,90.0,110.0,93.0,71.0,83.0,62.0,82.0,59.0,87.0,86.0,93.0,99.0,113.0,81.0,62.0,57.0,76.0,61.0,94.0,91.0,90.0,161.0;
102.0,95.0,110.0,96.0,109.0,104.0,66.0,85.0,66.0,64.0,61.0,111.0,100.0,97.0,91.0,113.0,56.0,64.0,81.0,75.0,58.0,96.0,109.0,91.0,92.0;89.0,103.0,87.0,103.0,114.0,105.0,71.0,85.0,72.0,57.0,80.0,90.0,105.0,97.0,102.0,103.0,80.0,74.0,66.0,79.0,81.0,102.0,96.0,114.0,82.0;89.0,93.0,95.0,98.0,104.0,102.0,61.0,65.0,62.0,58.0,83.0,110.0,98.0,93.0,88.0,86.0,56.0,75.0,61.0,81.0,59.0,106.0,97.0,110.0,147.0;101.0,107.0,89.0,90.0,97.0,85.0,75.0,85.0,57.0,66.0,73.0,101.0,101.0,103.0,89.0,100.0,76.0,82.0,73.0,75.0,69.0,96.0,113.0,96.0,65.0;112.0,105.0,101.0,90.0,87.0,90.0,77.0,85.0,85.0,66.0,57.0,104.0,91.0,86.0,113.0,99.0,79.0,75.0,85.0,67.0,60.0,94.0,94.0,85.0,92.0;103.0,105.0,111.0,89.0,89.0,102.0,66.0,76.0,62.0,62.0,57.0,97.0,112.0,94.0,114.0,100.0,65.0,63.0,74.0,81.0,78.0,113.0,100.0,96.0,84.0;111.0,114.0,112.0,110.0,111.0,112.0,82.0,57.0,81.0,67.0,71.0,104.0,98.0,102.0,100.0,98.0,69.0,62.0,58.0,57.0,72.0,95.0,101.0,99.0,66.0;91.0,107.0,93.0,92.0,111.0,95.0,65.0,71.0,84.0,68.0,67.0,111.0,108.0,88.0,112.0,105.0,62.0,57.0,80.0,73.0,70.0,88.0,112.0,112.0,57.0;
89.0,98.0,104.0,96.0,97.0,103.0,69.0,79.0,62.0,82.0,58.0,109.0,94.0,109.0,113.0,113.0,67.0,70.0,58.0,78.0,84.0,108.0,90.0,97.0,72.0;96.0,87.0,101.0,111.0,109.0,112.0,74.0,73.0,81.0,76.0,80.0,110.0,113.0,94.0,100.0,107.0,83.0,66.0,67.0,65.0,79.0,92.0,88.0,112.0,51.0;104.0,100.0,92.0,94.0,102.0,101.0,65.0,67.0,63.0,77.0,77.0,90.0,106.0,111.0,93.0,114.0,70.0,75.0,69.0,77.0,65.0,96.0,96.0,87.0,161.0;92.0,108.0,88.0,113.0,104.0,93.0,84.0,71.0,62.0,58.0,73.0,96.0,107.0,99.0,110.0,91.0,62.0,62.0,76.0,62.0,77.0,89.0,86.0,95.0,104.0;100.0,101.0,109.0,89.0,88.0,95.0,58.0,77.0,68.0,85.0,65.0,91.0,99.0,91.0,114.0,97.0,80.0,81.0,60.0,63.0,74.0,112.0,86.0,88.0,161.0;89.0,94.0,102.0,107.0,110.0,100.0,67.0,81.0,83.0,60.0,63.0,111.0,93.0,96.0,105.0,102.0,74.0,64.0,64.0,80.0,84.0,97.0,107.0,111.0,107.0;107.0,102.0,91.0,106.0,97.0,111.0,71.0,65.0,70.0,70.0,66.0,111.0,103.0,97.0,109.0,89.0,78.0,76.0,72.0,78.0,85.0,88.0,92.0,91.0,46.0;110.0,110.0,107.0,92.0,90.0,105.0,74.0,80.0,80.0,72.0,75.0,85.0,87.0,102.0,102.0,104.0,83.0,67.0,68.0,61.0,60.0,112.0,98.0,94.0,70.0;92.0,95.0,86.0,110.0,98.0,92.0,69.0,76.0,72.0,72.0,79.0,111.0,102.0,98.0,100.0,108.0,70.0,66.0,74.0,61.0,63.0,114.0,101.0,96.0,22.0;
