
99.0,86.0,85.0,94.0,110.0,109.0,75.0,74.0,65.0,81.0,56.0,111.0,90.0,102.0,111.0,111.0,63.0,59.0,63.0,76.0,56.0,99.0,98.0,92.0,200.0;
91.0,95.0,114.0,103.0,105.0,113.0,60.0,74.0,76.0,64.0,70.0,93.0,107.0,97.0,87.0,104.0,63.0,59.0,61.0,65.0,65.0,97.0,112.0,104.0,176.0;96.0,111.0,107.0,99.0,97.0,110.0,81.0,75.0,79.0,57.0,66.0,85.0,85.0,109.0,101.0,87.0,79.0,58.0,64.0,70.0,65.0,85.0,111.0,108.0,121.0;
85.0,98.0,114.0,108.0,112.0,94.0,76.0,59.0,85.0,78.0,63.0,94.0,85.0,111.0,93.0,99.0,79.0,83.0,57.0,82.0,64.0,109.0,102.0,86.0,94.0;114.0,106.0,88.0,90.0,109.0,109.0,58.0,68.0,63.0,68.0,78.0,114.0,88.0,105.0,95.0,109.0,60.0,80.0,72.0,74.0,81.0,100.0,100.0,94.0,12.0;101.0,97.0,108.0,112.0,86.0,110.0,56.0,61.0,68.0,62.0,81.0,90.0,102.0,89.0,88.0,96.0,74.0,64.0,78.0,79.0,68.0,109.0,111.0,111.0,59.0;
93.0,100.0,94.0,96.0,96.0,88.0,60.0,75.0,66.0,70.0,78.0,99.0,107.0,100.0,91.0,97.0,81.0,64.0,71.0,81.0,63.0,93.0,112.0,107.0,29.0;110.0,101.0,98.0,99.0,107.0,111.0,76.0,56.0,63.0,70.0,84.0,105.0,104.0,114.0,91.0,108.0,72.0,62.0,81.0,83.0,62.0,96.0,107.0,85.0,162.0;97.0,111.0,88.0,102.0,113.0,89.0,79.0,65.0,60.0,77.0,76.0,109.0,110.0,114.0,90.0,87.0,75.0,76.0,77.0,67.0,84.0,102.0,111.0,87.0,38.0;94.0,102.0,111.0,108.0,109.0,91.0,57.0,57.0,76.0,81.0,70.0,85.0,85.0,113.0,85.0,110.0,81.0,56.0,61.0,72.0,77.0,105.0,107.0,87.0,69.0;
86.0,113.0,106.0,104.0,103.0,91.0,67.0,67.0,76.0,56.0,72.0,113.0,97.0,114.0,99.0,93.0,61.0,60.0,74.0,78.0,74.0,114.0,86.0,103.0,18.0;90.0,104.0,85.0,106.0,90.0,103.0,63.0,82.0,78.0,65.0,58.0,107.0,110.0,86.0,96.0,108.0,61.0,82.0,74.0,71.0,83.0,99.0,107.0,107.0,61.0;99.0,91.0,101.0,103.0,101.0,112.0,59.0,68.0,74.0,74.0,64.0,94.0,101.0,113.0,109.0,98.0,77.0,80.0,70.0,85.0,72.0,112.0,107.0,87.0,84.0;103.0,102.0,96.0,103.0,103.0,95.0,68.0,84.0,59.0,69.0,77.0,113.0,104.0,108.0,102.0,93.0,82.0,84.0,81.0,81.0,57.0,106.0,89.0,90.0,14.0;100.0,101.0,104.0,111.0,90.0,114.0,68.0,77.0,73.0,72.0,59.0,102.0,95.0,86.0,98.0,99.0,60.0,74.0,64.0,65.0,61.0,109.0,104.0,109.0,85.0;
101.0,107.0,112.0,101.0,88.0,113.0,82.0,80.0,83.0,80.0,61.0,114.0,86.0,104.0,103.0,112.0,63.0,84.0,65.0,70.0,68.0,101.0,96.0,91.0,94.0;87.0,105.0,102.0,114.0,107.0,112.0,80.0,65.0,62.0,60.0,81.0,92.0,94.0,100.0,97.0,93.0,78.0,76.0,61.0,75.0,70.0,95.0,88.0,107.0,168.0;113.0,114.0,101.0,89.0,85.0,91.0,66.0,80.0,61.0,79.0,77.0,92.0,107.0,111.0,86.0,94.0,83.0,72.0,76.0,59.0,64.0,112.0,98.0,91.0,160.0;105.0,89.0,109.0,96.0,112.0,91.0,67.0,64.0,76.0,71.0,59.0,107.0,93.0,87.0,104.0,86.0,64.0,56.0,85.0,73.0,79.0,90.0,102.0,92.0,16.0;110.0,99.0,101.0,109.0,110.0,89.0,69.0,80.0,77.0,60.0,63.0,93.0,93.0,107.0,112.0,110.0,80.0,64.0,78.0,70.0,81.0,96.0,89.0,110.0,59.0;93.0,97.0,107.0,104.0,88.0,99.0,58.0,80.0,60.0,81.0,70.0,85.0,106.0,89.0,106.0,93.0,59.0,81.0,70.0,80.0,63.0,99.0,101.0,112.0,28.0;
105.0,95.0,102.0,94.0,85.0,106.0,75.0,72.0,74.0,78.0,62.0,97.0,105.0,105.0,110.0,89.0,75.0,60.0,74.0,77.0,77.0,91.0,98.0,110.0,44.0;109.0,89.0,90.0,104.0,112.0,85.0,78.0,77.0,64.0,58.0,72.0,93.0,105.0,99.0,100.0,111.0,56.0,78.0,85.0,77.0,56.0,106.0,97.0,86.0,86.0;97.0,98.0,99.0,107.0,102.0,85.0,79.0,73.0,57.0,60.0,61.0,95.0,89.0,109.0,102.0,104.0,58.0,56.0,84.0,80.0,67.0,95.0,93.0,104.0,63.0;114.0,86.0,99.0,113.0,86.0,112.0,78.0,58.0,67.0,71.0,60.0,110.0,112.0,113.0,85.0,113.0,67.0,72.0,64.0,63.0,70.0,94.0,100.0,111.0,46.0;107.0,99.0,107.0,106.0,90.0,88.0,73.0,75.0,81.0,77.0,77.0,89.0,114.0,109.0,88.0,97.0,77.0,59.0,57.0,71.0,78.0,92.0,98.0,103.0,123.0;114.0,112.0,88.0,108.0,85.0,88.0,82.0,71.0,64.0,74.0,82.0,96.0,90.0,107.0,103.0,94.0,75.0,60.0,83.0,67.0,74.0,103.0,102.0,110.0,110.0;86.0,86.0,98.0,100.0,112.0,100.0,77.0,75.0,78.0,63.0,73.0,86.0,97.0,95.0,110.0,88.0,84.0,73.0,66.0,75.0,65.0,96.0,110.0,98.0,108.0;
104.0,92.0,110.0,86.0,85.0,102.0,75.0,63.0,79.0,74.0,66.0,86.0,90.0,92.0,88.0,94.0,57.0,69.0,67.0,74.0,81.0,93.0,113.0,101.0,126.0;111.0,90.0,105.0,107.0,93.0,110.0,79.0,79.0,74.0,65.0,84.0,98.0,93.0,96.0,96.0,107.0,70.0,77.0,57.0,56.0,56.0,96.0,87.0,102.0,157.0;106.0,101.0,93.0,91.0,102.0,102.0,69.0,66.0,65.0,61.0,75.0,106.0,106.0,92.0,102.0,108.0,59.0,70.0,66.0,57.0,56.0,92.0,95.0,111.0,180.0;92.0,89.0,97.0,104.0,101.0,94.0,71.0,67.0,69.0,83.0,56.0,105.0,107.0,99.0,99.0,107.0,56.0,79.0,60.0,74.0,66.0,103.0,86.0,89.0,178.0;92.0,111.0,107.0,91.0,85.0,96.0,74.0,60.0,81.0,67.0,70.0,98.0,98.0,105.0,113.0,113.0,65.0,58.0,58.0,82.0,64.0,106.0,87.0,90.0,132.0;107.0,106.0,98.0,92.0,87.0,95.0,71.0,67.0,78.0,65.0,56.0,90.0,106.0,88.0,112.0,93.0,70.0,77.0,80.0,80.0,68.0,95.0,93.0,102.0,74.0;86.0,111.0,95.0,114.0,90.0,92.0,80.0,69.0,73.0,65.0,71.0,93.0,89.0,85.0,109.0,94.0,74.0,68.0,67.0,73.0,80.0,101.0,102.0,105.0,74.0;107.0,85.0,91.0,92.0,100.0,113.0,77.0,70.0,71.0,66.0,83.0,114.0,105.0,113.0,97.0,102.0,79.0,81.0,59.0,72.0,69.0,104.0,96.0,107.0,20.0;
91.0,92.0,107.0,106.0,97.0,94.0,82.0,57.0,75.0,73.0,61.0,98.0,93.0,109.0,103.0,104.0,68.0,57.0,71.0,83.0,70.0,99.0,112.0,103.0,118.0;90.0,88.0,90.0,99.0,91.0,100.0,82.0,64.0,71.0,72.0,57.0,94.0,109.0,108.0,106.0,110.0,61.0,65.0,82.0,66.0,76.0,91.0,99.0,113.0,19.0;88.0,107.0,105.0,106.0,109.0,109.0,75.0,73.0,57.0,69.0,84.0,100.0,100.0,107.0,99.0,91.0,79.0,78.0,85.0,56.0,58.0,91.0,110.0,93.0,7.0;105.0,109.0,114.0,90.0,87.0,113.0,80.0,65.0,78.0,67.0,70.0,107.0,104.0,109.0,91.0,104.0,78.0,57.0,85.0,79.0,79.0,89.0,94.0,85.0,107.0;109.0,92.0,103.0,102.0,90.0,107.0,83.0,76.0,62.0,58.0,66.0,107.0,109.0,106.0,110.0,95.0,69.0,83.0,59.0,70.0,70.0,94.0,96.0,103.0,143.0;91.0,111.0,93.0,105.0,114.0,103.0,60.0,69.0,60.0,80.0,78.0,93.0,105.0,110.0,107.0,102.0,63.0,71.0,71.0,62.0,78.0,99.0,114.0,96.0,132.0;89.0,114.0,93.0,89.0,101.0,97.0,81.0,60.0,57.0,68.0,64.0,106.0,111.0,109.0,105.0,103.0,76.0,57.0,76.0,79.0,77.0,107.0,101.0,99.0,126.0;106.0,98.0,104.0,95.0,97.0,103.0,83.0,85.0,71.0,65.0,85.0,90.0,114.0,105.0,107.0,92.0,63.0,63.0,63.0,73.0,80.0,110.0,92.0,101.0,185.0;100.0,88.0,113.0,85.0,110.0,88.0,84.0,56.0,59.0,65.0,64.0,108.0,99.0,101.0,97.0,85.0,79.0,74.0,70.0,69.0,78.0,90.0,86.0,87.0,108.0;
