
107.0,88.0,107.0,103.0,100.0,85.0,68.0,70.0,63.0,82.0,60.0,86.0,102.0,89.0,93.0,109.0,64.0,65.0,60.0,83.0,66.0,96.0,101.0,87.0,166.0;
91.0,98.0,92.0,100.0,114.0,110.0,65.0,82.0,78.0,61.0,72.0,106.0,90.0,113.0,113.0,87.0,69.0,73.0,85.0,75.0,57.0,109.0,114.0,101.0,179.0;108.0,113.0,92.0,107.0,99.0,87.0,85.0,72.0,73.0,80.0,61.0,85.0,99.0,108.0,86.0,92.0,83.0,75.0,69.0,63.0,64.0,112.0,107.0,112.0,77.0;
113.0,99.0,87.0,109.0,95.0,88.0,63.0,83.0,56.0,56.0,59.0,94.0,92.0,91.0,108.0,94.0,58.0,81.0,82.0,85.0,69.0,88.0,96.0,86.0,157.0;91.0,92.0,101.0,105.0,114.0,108.0,70.0,85.0,75.0,58.0,78.0,103.0,95.0,86.0,110.0,109.0,77.0,59.0,63.0,64.0,60.0,86.0,104.0,103.0,138.0;105.0,93.0,92.0,109.0,94.0,104.0,65.0,76.0,69.0,72.0,68.0,95.0,97.0,87.0,101.0,93.0,57.0,80.0,63.0,64.0,85.0,109.0,101.0,109.0,113.0;
101.0,100.0,106.0,114.0,89.0,108.0,73.0,75.0,69.0,82.0,68.0,112.0,110.0,107.0,102.0,94.0,83.0,61.0,63.0,81.0,66.0,97.0,95.0,105.0,15.0;114.0,85.0,92.0,113.0,90.0,110.0,75.0,65.0,73.0,82.0,60.0,102.0,114.0,91.0,87.0,88.0,83.0,81.0,56.0,80.0,85.0,100.0,86.0,107.0,35.0;91.0,109.0,86.0,87.0,93.0,106.0,78.0,80.0,65.0,83.0,82.0,100.0,106.0,85.0,93.0,102.0,68.0,60.0,81.0,73.0,68.0,95.0,112.0,87.0,122.0;91.0,94.0,107.0,98.0,109.0,114.0,73.0,69.0,77.0,63.0,65.0,101.0,87.0,101.0,108.0,100.0,71.0,56.0,76.0,75.0,67.0,111.0,106.0,103.0,130.0;
104.0,87.0,104.0,100.0,87.0,96.0,69.0,83.0,74.0,81.0,64.0,99.0,104.0,94.0,88.0,100.0,73.0,70.0,59.0,63.0,74.0,103.0,94.0,105.0,22.0;110.0,104.0,92.0,103.0,108.0,97.0,56.0,77.0,64.0,71.0,71.0,89.0,99.0,96.0,112.0,102.0,74.0,58.0,85.0,85.0,78.0,97.0,103.0,105.0,166.0;90.0,103.0,105.0,104.0,102.0,86.0,63.0,57.0,59.0,71.0,81.0,96.0,104.0,111.0,114.0,87.0,78.0,71.0,79.0,74.0,58.0,113.0,110.0,92.0,187.0;94.0,88.0,111.0,95.0,85.0,114.0,79.0,84.0,77.0,64.0,71.0,89.0,107.0,88.0,100.0,104.0,69.0,79.0,63.0,63.0,73.0,93.0,96.0,114.0,184.0;102.0,87.0,100.0,100.0,92.0,104.0,72.0,65.0,77.0,76.0,59.0,102.0,99.0,85.0,114.0,88.0,58.0,85.0,74.0,84.0,61.0,98.0,106.0,102.0,166.0;
102.0,104.0,95.0,114.0,94.0,104.0,61.0,58.0,79.0,72.0,83.0,109.0,102.0,93.0,98.0,89.0,59.0,73.0,83.0,71.0,61.0,108.0,96.0,111.0,101.0;113.0,95.0,97.0,107.0,86.0,103.0,77.0,64.0,56.0,56.0,82.0,107.0,91.0,95.0,114.0,114.0,63.0,60.0,84.0,62.0,77.0,90.0,85.0,88.0,55.0;104.0,104.0,101.0,110.0,96.0,111.0,56.0,60.0,65.0,73.0,56.0,110.0,103.0,91.0,95.0,105.0,64.0,73.0,70.0,62.0,83.0,85.0,103.0,95.0,130.0;114.0,113.0,92.0,106.0,87.0,103.0,60.0,70.0,80.0,74.0,68.0,94.0,88.0,100.0,113.0,91.0,75.0,58.0,58.0,81.0,79.0,101.0,110.0,99.0,120.0;99.0,109.0,98.0,86.0,106.0,91.0,73.0,67.0,84.0,68.0,61.0,86.0,105.0,96.0,86.0,101.0,83.0,80.0,81.0,70.0,85.0,103.0,112.0,113.0,156.0;85.0,89.0,92.0,104.0,87.0,104.0,57.0,66.0,61.0,76.0,57.0,90.0,112.0,85.0,95.0,92.0,85.0,84.0,76.0,61.0,77.0,103.0,104.0,104.0,196.0;
93.0,90.0,99.0,94.0,112.0,88.0,65.0,63.0,64.0,71.0,58.0,96.0,106.0,86.0,110.0,107.0,67.0,57.0,83.0,70.0,58.0,86.0,113.0,110.0,88.0;90.0,85.0,87.0,95.0,95.0,109.0,69.0,82.0,63.0,57.0,80.0,90.0,106.0,100.0,89.0,106.0,65.0,80.0,63.0,66.0,63.0,109.0,97.0,97.0,110.0;85.0,111.0,109.0,109.0,114.0,105.0,76.0,62.0,70.0,76.0,57.0,113.0,87.0,107.0,108.0,114.0,59.0,63.0,68.0,85.0,65.0,103.0,97.0,86.0,117.0;94.0,99.0,94.0,87.0,95.0,98.0,68.0,74.0,73.0,61.0,83.0,90.0,87.0,106.0,92.0,97.0,79.0,61.0,72.0,85.0,61.0,93.0,91.0,98.0,91.0;109.0,92.0,111.0,95.0,96.0,95.0,59.0,61.0,84.0,69.0,61.0,94.0,109.0,92.0,109.0,102.0,69.0,69.0,57.0,56.0,79.0,91.0,102.0,113.0,12.0;93.0,110.0,101.0,114.0,113.0,89.0,80.0,79.0,62.0,61.0,79.0,102.0,103.0,87.0,110.0,105.0,62.0,72.0,58.0,80.0,85.0,97.0,92.0,101.0,32.0;100.0,113.0,96.0,111.0,89.0,97.0,80.0,82.0,84.0,68.0,64.0,92.0,98.0,88.0,97.0,113.0,69.0,80.0,61.0,82.0,65.0,93.0,88.0,113.0,6.0;
85.0,97.0,108.0,103.0,105.0,114.0,57.0,82.0,63.0,66.0,66.0,87.0,101.0,98.0,93.0,97.0,67.0,59.0,83.0,81.0,78.0,100.0,87.0,107.0,119.0;92.0,90.0,87.0,94.0,104.0,93.0,62.0,65.0,56.0,76.0,82.0,114.0,109.0,92.0,109.0,86.0,69.0,76.0,78.0,80.0,73.0,110.0,102.0,100.0,16.0;93.0,103.0,111.0,99.0,108.0,85.0,60.0,78.0,82.0,63.0,70.0,103.0,103.0,109.0,85.0,103.0,63.0,58.0,80.0,61.0,64.0,93.0,109.0,111.0,142.0;113.0,112.0,111.0,99.0,109.0,86.0,85.0,84.0,60.0,60.0,65.0,114.0,85.0,106.0,92.0,94.0,67.0,71.0,75.0,56.0,69.0,102.0,88.0,93.0,37.0;88.0,87.0,102.0,93.0,113.0,90.0,76.0,70.0,73.0,68.0,78.0,111.0,89.0,114.0,109.0,113.0,61.0,78.0,56.0,61.0,73.0,112.0,111.0,109.0,47.0;114.0,97.0,100.0,105.0,100.0,92.0,75.0,72.0,56.0,74.0,66.0,105.0,114.0,100.0,105.0,88.0,58.0,66.0,70.0,82.0,63.0,97.0,90.0,111.0,182.0;93.0,109.0,101.0,108.0,100.0,97.0,80.0,57.0,61.0,58.0,57.0,102.0,113.0,97.0,104.0,90.0,74.0,63.0,74.0,70.0,69.0,107.0,112.0,110.0,18.0;111.0,107.0,107.0,85.0,106.0,97.0,70.0,83.0,59.0,83.0,66.0,112.0,113.0,88.0,90.0,86.0,56.0,70.0,67.0,72.0,58.0,100.0,112.0,98.0,8.0;
90.0,94.0,89.0,106.0,114.0,113.0,69.0,76.0,64.0,66.0,59.0,96.0,106.0,85.0,110.0,114.0,80.0,81.0,66.0,59.0,60.0,90.0,112.0,97.0,90.0;107.0,85.0,106.0,103.0,99.0,100.0,85.0,63.0,71.0,64.0,70.0,91.0,90.0,106.0,102.0,90.0,70.0,76.0,57.0,57.0,77.0,102.0,94.0,108.0,130.0;109.0,99.0,110.0,104.0,90.0,105.0,65.0,80.0,77.0,74.0,73.0,93.0,112.0,90.0,88.0,90.0,77.0,83.0,80.0,57.0,67.0,94.0,112.0,91.0,24.0;105.0,106.0,90.0,113.0,111.0,91.0,76.0,85.0,84.0,73.0,77.0,92.0,102.0,85.0,109.0,93.0,76.0,66.0,65.0,68.0,59.0,92.0,108.0,104.0,146.0;95.0,105.0,103.0,112.0,101.0,107.0,69.0,68.0,82.0,70.0,70.0,105.0,110.0,104.0,108.0,94.0,60.0,59.0,59.0,61.0,81.0,107.0,91.0,98.0,174.0;91.0,104.0,108.0,89.0,107.0,90.0,71.0,84.0,79.0,85.0,82.0,113.0,94.0,101.0,99.0,92.0,69.0,77.0,85.0,61.0,75.0,105.0,92.0,88.0,124.0;102.0,104.0,102.0,93.0,101.0,88.0,82.0,82.0,63.0,84.0,76.0,86.0,109.0,102.0,114.0,92.0,73.0,60.0,71.0,56.0,59.0,89.0,111.0,105.0,78.0;99.0,108.0,97.0,95.0,89.0,89.0,78.0,69.0,56.0,69.0,59.0,110.0,89.0,107.0,96.0,98.0,71.0,85.0,77.0,84.0,78.0,106.0,94.0,90.0,96.0;87.0,105.0,94.0,112.0,92.0,109.0,76.0,76.0,72.0,57.0,70.0,111.0,100.0,91.0,112.0,106.0,77.0,60.0,69.0,62.0,83.0,104.0,99.0,94.0,85.0;
