
97.0,95.0,89.0,109.0,93.0,114.0,68.0,67.0,69.0,69.0,77.0,93.0,97.0,100.0,107.0,98.0,57.0,74.0,84.0,77.0,69.0,101.0,101.0,99.0,152.0;
99.0,107.0,106.0,86.0,87.0,85.0,84.0,83.0,67.0,69.0,58.0,93.0,107.0,110.0,86.0,86.0,82.0,61.0,83.0,79.0,61.0,86.0,92.0,112.0,85.0;97.0,108.0,111.0,91.0,98.0,114.0,64.0,72.0,85.0,69.0,65.0,94.0,112.0,107.0,90.0,108.0,70.0,58.0,66.0,56.0,64.0,87.0,98.0,90.0,4.0;
113.0,105.0,92.0,102.0,98.0,88.0,80.0,67.0,62.0,64.0,81.0,93.0,113.0,99.0,100.0,97.0,76.0,84.0,57.0,81.0,60.0,96.0,88.0,113.0,109.0;101.0,87.0,107.0,114.0,93.0,108.0,82.0,79.0,71.0,68.0,72.0,112.0,102.0,103.0,110.0,96.0,59.0,85.0,63.0,80.0,84.0,95.0,87.0,106.0,28.0;96.0,89.0,108.0,97.0,111.0,92.0,74.0,61.0,70.0,69.0,69.0,107.0,103.0,98.0,104.0,99.0,63.0,57.0,83.0,57.0,67.0,100.0,86.0,100.0,121.0;
86.0,111.0,93.0,103.0,109.0,114.0,65.0,77.0,66.0,58.0,57.0,97.0,107.0,95.0,106.0,114.0,83.0,65.0,64.0,58.0,70.0,111.0,108.0,104.0,32.0;100.0,97.0,106.0,99.0,108.0,101.0,58.0,84.0,81.0,57.0,65.0,100.0,110.0,113.0,114.0,106.0,78.0,77.0,59.0,77.0,59.0,100.0,112.0,112.0,107.0;97.0,96.0,99.0,89.0,92.0,104.0,82.0,79.0,82.0,73.0,56.0,89.0,103.0,106.0,88.0,113.0,58.0,73.0,85.0,72.0,70.0,106.0,100.0,90.0,180.0;114.0,102.0,94.0,85.0,106.0,112.0,78.0,58.0,84.0,77.0,58.0,111.0,87.0,102.0,94.0,88.0,72.0,73.0,82.0,59.0,56.0,111.0,95.0,107.0,188.0;
99.0,109.0,109.0,97.0,90.0,85.0,78.0,57.0,65.0,84.0,83.0,97.0,111.0,88.0,111.0,99.0,74.0,77.0,68.0,63.0,74.0,93.0,101.0,96.0,180.0;113.0,86.0,86.0,93.0,109.0,90.0,71.0,67.0,61.0,85.0,60.0,114.0,111.0,111.0,106.0,108.0,67.0,68.0,65.0,78.0,68.0,98.0,109.0,100.0,183.0;112.0,97.0,98.0,102.0,109.0,91.0,66.0,85.0,59.0,71.0,57.0,97.0,102.0,91.0,86.0,110.0,70.0,58.0,74.0,65.0,67.0,94.0,100.0,104.0,163.0;100.0,113.0,108.0,91.0,97.0,94.0,75.0,68.0,76.0,83.0,83.0,88.0,99.0,101.0,114.0,102.0,72.0,67.0,84.0,62.0,84.0,87.0,102.0,88.0,18.0;86.0,99.0,86.0,106.0,90.0,114.0,84.0,74.0,59.0,65.0,71.0,110.0,106.0,99.0,112.0,114.0,63.0,61.0,83.0,83.0,62.0,95.0,109.0,114.0,75.0;
99.0,94.0,105.0,103.0,109.0,101.0,59.0,74.0,85.0,81.0,60.0,96.0,107.0,114.0,90.0,90.0,80.0,72.0,72.0,59.0,62.0,89.0,93.0,106.0,131.0;108.0,113.0,109.0,99.0,105.0,104.0,57.0,84.0,67.0,83.0,70.0,109.0,112.0,89.0,89.0,95.0,70.0,74.0,84.0,83.0,60.0,94.0,96.0,98.0,23.0;108.0,93.0,111.0,107.0,104.0,98.0,59.0,81.0,63.0,74.0,76.0,94.0,114.0,111.0,89.0,100.0,85.0,72.0,64.0,75.0,76.0,86.0,95.0,112.0,57.0;88.0,91.0,107.0,108.0,95.0,92.0,68.0,85.0,59.0,73.0,84.0,90.0,96.0,93.0,93.0,98.0,76.0,71.0,81.0,57.0,69.0,94.0,89.0,94.0,3.0;101.0,85.0,99.0,111.0,107.0,108.0,64.0,63.0,59.0,60.0,57.0,105.0,106.0,99.0,95.0,104.0,78.0,75.0,60.0,85.0,71.0,89.0,101.0,102.0,48.0;94.0,103.0,100.0,98.0,113.0,112.0,65.0,68.0,82.0,75.0,58.0,99.0,91.0,100.0,104.0,109.0,60.0,63.0,56.0,82.0,57.0,89.0,94.0,109.0,35.0;
86.0,104.0,105.0,100.0,105.0,86.0,74.0,68.0,78.0,56.0,68.0,101.0,92.0,101.0,89.0,97.0,59.0,81.0,69.0,79.0,71.0,102.0,88.0,87.0,200.0;109.0,98.0,102.0,97.0,107.0,108.0,59.0,59.0,57.0,70.0,80.0,96.0,100.0,109.0,114.0,95.0,69.0,76.0,82.0,83.0,77.0,86.0,108.0,86.0,27.0;91.0,102.0,101.0,87.0,88.0,98.0,84.0,85.0,57.0,84.0,67.0,108.0,92.0,113.0,103.0,101.0,78.0,61.0,80.0,56.0,76.0,89.0,105.0,112.0,139.0;100.0,104.0,94.0,99.0,103.0,105.0,68.0,75.0,71.0,58.0,84.0,107.0,97.0,93.0,95.0,104.0,60.0,72.0,78.0,61.0,75.0,109.0,112.0,101.0,171.0;89.0,103.0,99.0,109.0,85.0,101.0,64.0,70.0,64.0,66.0,66.0,91.0,86.0,110.0,95.0,96.0,75.0,76.0,68.0,79.0,66.0,86.0,108.0,108.0,177.0;107.0,113.0,110.0,113.0,111.0,91.0,72.0,73.0,59.0,65.0,76.0,93.0,114.0,107.0,107.0,92.0,85.0,81.0,84.0,66.0,73.0,111.0,86.0,88.0,122.0;96.0,92.0,90.0,104.0,90.0,94.0,59.0,70.0,67.0,67.0,70.0,91.0,105.0,106.0,100.0,90.0,74.0,63.0,71.0,57.0,77.0,88.0,94.0,97.0,34.0;
109.0,94.0,94.0,90.0,103.0,106.0,59.0,65.0,73.0,69.0,64.0,92.0,90.0,109.0,112.0,113.0,84.0,72.0,76.0,67.0,70.0,101.0,110.0,88.0,163.0;89.0,91.0,92.0,102.0,104.0,106.0,83.0,72.0,77.0,84.0,70.0,97.0,106.0,89.0,109.0,107.0,60.0,80.0,64.0,66.0,69.0,93.0,89.0,107.0,113.0;95.0,95.0,112.0,94.0,94.0,99.0,58.0,58.0,66.0,63.0,81.0,94.0,101.0,92.0,86.0,95.0,60.0,78.0,62.0,84.0,65.0,89.0,89.0,104.0,129.0;89.0,97.0,108.0,94.0,105.0,85.0,58.0,71.0,85.0,81.0,74.0,87.0,98.0,96.0,86.0,87.0,68.0,77.0,83.0,63.0,57.0,100.0,96.0,94.0,78.0;94.0,104.0,100.0,108.0,111.0,93.0,60.0,72.0,56.0,84.0,59.0,100.0,113.0,89.0,110.0,98.0,74.0,81.0,80.0,61.0,72.0,104.0,85.0,88.0,171.0;94.0,114.0,113.0,98.0,90.0,99.0,59.0,60.0,60.0,59.0,82.0,105.0,112.0,89.0,101.0,88.0,61.0,59.0,68.0,63.0,73.0,88.0,108.0,93.0,9.0;91.0,103.0,102.0,108.0,101.0,92.0,76.0,79.0,68.0,79.0,62.0,99.0,109.0,93.0,105.0,95.0,82.0,80.0,83.0,82.0,66.0,110.0,104.0,100.0,127.0;87.0,107.0,113.0,91.0,105.0,87.0,64.0,67.0,75.0,56.0,66.0,113.0,109.0,90.0,94.0,109.0,67.0,84.0,56.0,73.0,56.0,88.0,89.0,103.0,123.0;
112.0,109.0,98.0,89.0,98.0,110.0,56.0,69.0,72.0,85.0,67.0,104.0,110.0,96.0,95.0,107.0,61.0,82.0,71.0,84.0,73.0,95.0,89.0,96.0,115.0;95.0,102.0,111.0,92.0,85.0,97.0,69.0,85.0,67.0,82.0,72.0,102.0,114.0,98.0,113.0,91.0,74.0,77.0,68.0,63.0,60.0,105.0,106.0,94.0,53.0;112.0,113.0,87.0,89.0,90.0,86.0,77.0,65.0,73.0,59.0,83.0,93.0,89.0,99.0,86.0,96.0,59.0,62.0,74.0,75.0,81.0,94.0,107.0,105.0,24.0;88.0,108.0,112.0,108.0,103.0,96.0,62.0,64.0,64.0,79.0,77.0,94.0,85.0,103.0,103.0,109.0,72.0,77.0,64.0,56.0,58.0,105.0,91.0,98.0,179.0;90.0,102.0,95.0,113.0,104.0,107.0,81.0,80.0,68.0,68.0,78.0,92.0,99.0,108.0,89.0,105.0,77.0,79.0,58.0,71.0,78.0,94.0,114.0,87.0,31.0;91.0,92.0,101.0,109.0,108.0,109.0,58.0,70.0,77.0,62.0,65.0,86.0,102.0,112.0,104.0,104.0,67.0,84.0,56.0,61.0,84.0,105.0,100.0,107.0,105.0;98.0,114.0,87.0,100.0,89.0,93.0,64.0,63.0,68.0,81.0,68.0,105.0,85.0,110.0,92.0,110.0,80.0,75.0,56.0,56.0,74.0,103.0,94.0,85.0,177.0;103.0,95.0,90.0,88.0,99.0,88.0,84.0,68.0,75.0,80.0,78.0,98.0,102.0,100.0,98.0,112.0,78.0,81.0,66.0,65.0,68.0,94.0,99.0,91.0,161.0;101.0,110.0,110.0,112.0,111.0,95.0,63.0,67.0,64.0,70.0,65.0,102.0,108.0,89.0,90.0,103.0,83.0,74.0,56.0,76.0,70.0,91.0,104.0,105.0,144.0;
