
89.0,89.0,105.0,101.0,111.0,86.0,79.0,58.0,64.0,56.0,82.0,112.0,85.0,101.0,91.0,92.0,83.0,80.0,70.0,67.0,84.0,90.0,97.0,90.0,137.0;
89.0,114.0,108.0,102.0,100.0,89.0,62.0,67.0,82.0,57.0,81.0,100.0,100.0,105.0,107.0,112.0,73.0,71.0,63.0,57.0,61.0,108.0,85.0,100.0,190.0;95.0,99.0,87.0,113.0,107.0,114.0,62.0,84.0,79.0,77.0,69.0,110.0,104.0,109.0,104.0,90.0,77.0,62.0,76.0,66.0,61.0,100.0,91.0,90.0,103.0;
89.0,106.0,99.0,98.0,109.0,100.0,70.0,83.0,70.0,77.0,74.0,114.0,97.0,107.0,93.0,102.0,62.0,70.0,84.0,69.0,67.0,111.0,96.0,96.0,150.0;108.0,93.0,110.0,112.0,95.0,110.0,72.0,70.0,58.0,65.0,77.0,102.0,110.0,107.0,106.0,96.0,68.0,81.0,76.0,65.0,73.0,108.0,109.0,107.0,99.0;104.0,88.0,110.0,100.0,93.0,110.0,80.0,77.0,81.0,80.0,64.0,104.0,107.0,110.0,87.0,99.0,74.0,66.0,72.0,73.0,80.0,89.0,96.0,97.0,10.0;
94.0,114.0,111.0,103.0,93.0,104.0,64.0,76.0,75.0,65.0,74.0,107.0,110.0,99.0,112.0,112.0,78.0,69.0,82.0,65.0,68.0,105.0,100.0,107.0,50.0;101.0,87.0,106.0,109.0,88.0,95.0,73.0,79.0,69.0,63.0,70.0,94.0,91.0,85.0,107.0,112.0,58.0,63.0,70.0,70.0,84.0,89.0,91.0,95.0,195.0;106.0,92.0,98.0,114.0,109.0,86.0,80.0,79.0,84.0,81.0,72.0,93.0,88.0,88.0,94.0,103.0,60.0,58.0,85.0,58.0,62.0,114.0,90.0,112.0,184.0;110.0,106.0,109.0,87.0,108.0,110.0,61.0,80.0,81.0,65.0,83.0,106.0,96.0,99.0,106.0,92.0,64.0,71.0,71.0,63.0,56.0,98.0,92.0,104.0,67.0;
88.0,105.0,106.0,99.0,90.0,108.0,56.0,62.0,72.0,67.0,69.0,85.0,94.0,106.0,105.0,93.0,56.0,84.0,80.0,66.0,80.0,93.0,86.0,107.0,82.0;86.0,113.0,99.0,106.0,112.0,99.0,78.0,72.0,76.0,68.0,62.0,108.0,112.0,108.0,103.0,102.0,78.0,63.0,59.0,62.0,66.0,91.0,94.0,107.0,113.0;94.0,110.0,103.0,91.0,104.0,104.0,59.0,64.0,61.0,81.0,58.0,86.0,87.0,100.0,91.0,110.0,77.0,84.0,62.0,62.0,57.0,106.0,89.0,108.0,168.0;103.0,106.0,99.0,92.0,102.0,104.0,65.0,73.0,77.0,72.0,81.0,85.0,86.0,88.0,108.0,99.0,60.0,61.0,56.0,62.0,64.0,87.0,93.0,93.0,12.0;102.0,85.0,96.0,87.0,111.0,91.0,67.0,70.0,85.0,79.0,61.0,102.0,96.0,106.0,105.0,98.0,78.0,62.0,62.0,66.0,57.0,101.0,103.0,102.0,16.0;
103.0,100.0,112.0,98.0,101.0,97.0,56.0,68.0,78.0,70.0,65.0,109.0,107.0,86.0,85.0,107.0,65.0,77.0,71.0,66.0,85.0,103.0,88.0,109.0,157.0;108.0,103.0,114.0,86.0,107.0,107.0,82.0,56.0,79.0,64.0,85.0,94.0,86.0,97.0,86.0,103.0,71.0,61.0,77.0,61.0,73.0,108.0,96.0,103.0,111.0;114.0,94.0,85.0,87.0,104.0,102.0,80.0,66.0,67.0,69.0,65.0,100.0,104.0,101.0,114.0,104.0,73.0,67.0,61.0,84.0,78.0,110.0,90.0,86.0,34.0;112.0,92.0,90.0,98.0,91.0,99.0,58.0,68.0,74.0,74.0,65.0,103.0,85.0,95.0,94.0,108.0,75.0,58.0,60.0,69.0,62.0,85.0,114.0,91.0,41.0;101.0,101.0,103.0,87.0,101.0,109.0,83.0,80.0,76.0,69.0,70.0,93.0,111.0,112.0,94.0,90.0,67.0,76.0,71.0,62.0,61.0,89.0,101.0,94.0,138.0;101.0,113.0,95.0,113.0,99.0,112.0,64.0,69.0,72.0,67.0,81.0,88.0,102.0,89.0,114.0,86.0,82.0,59.0,70.0,58.0,74.0,108.0,100.0,108.0,191.0;
104.0,111.0,111.0,104.0,99.0,109.0,75.0,67.0,78.0,58.0,82.0,92.0,110.0,87.0,88.0,105.0,78.0,71.0,75.0,73.0,62.0,101.0,102.0,98.0,136.0;87.0,93.0,89.0,89.0,85.0,88.0,77.0,71.0,73.0,84.0,68.0,103.0,92.0,100.0,102.0,86.0,73.0,57.0,85.0,78.0,67.0,95.0,111.0,100.0,49.0;113.0,99.0,108.0,86.0,114.0,103.0,79.0,76.0,66.0,62.0,73.0,97.0,90.0,92.0,107.0,97.0,67.0,71.0,85.0,71.0,66.0,102.0,93.0,108.0,23.0;90.0,86.0,95.0,101.0,100.0,92.0,60.0,82.0,76.0,59.0,72.0,87.0,90.0,89.0,87.0,92.0,76.0,66.0,80.0,81.0,64.0,105.0,86.0,111.0,1.0;111.0,89.0,85.0,113.0,91.0,86.0,68.0,56.0,83.0,59.0,63.0,94.0,106.0,92.0,86.0,89.0,70.0,66.0,81.0,73.0,75.0,113.0,87.0,87.0,143.0;100.0,111.0,104.0,85.0,98.0,97.0,65.0,74.0,78.0,71.0,76.0,95.0,90.0,99.0,105.0,105.0,62.0,64.0,74.0,68.0,60.0,91.0,114.0,100.0,182.0;101.0,112.0,95.0,100.0,91.0,93.0,81.0,79.0,69.0,59.0,84.0,89.0,106.0,88.0,88.0,101.0,58.0,75.0,64.0,61.0,59.0,87.0,100.0,114.0,164.0;
111.0,100.0,90.0,85.0,92.0,85.0,68.0,77.0,58.0,79.0,75.0,105.0,90.0,85.0,88.0,111.0,64.0,61.0,76.0,79.0,79.0,88.0,94.0,88.0,87.0;90.0,92.0,107.0,103.0,110.0,93.0,77.0,66.0,74.0,72.0,57.0,112.0,97.0,110.0,99.0,88.0,57.0,74.0,75.0,71.0,69.0,88.0,95.0,114.0,131.0;86.0,103.0,85.0,104.0,109.0,109.0,57.0,71.0,77.0,77.0,69.0,110.0,99.0,88.0,87.0,113.0,74.0,65.0,72.0,76.0,85.0,110.0,109.0,89.0,134.0;94.0,110.0,111.0,112.0,109.0,89.0,83.0,69.0,79.0,72.0,81.0,85.0,94.0,108.0,101.0,111.0,76.0,62.0,81.0,66.0,70.0,101.0,91.0,112.0,156.0;92.0,102.0,89.0,103.0,109.0,108.0,77.0,83.0,57.0,79.0,75.0,110.0,92.0,114.0,113.0,100.0,79.0,69.0,60.0,66.0,68.0,102.0,93.0,113.0,97.0;107.0,99.0,106.0,94.0,113.0,105.0,80.0,57.0,75.0,76.0,73.0,105.0,93.0,90.0,104.0,92.0,62.0,75.0,56.0,77.0,81.0,85.0,107.0,102.0,64.0;94.0,95.0,99.0,85.0,105.0,97.0,70.0,73.0,83.0,61.0,63.0,104.0,85.0,102.0,86.0,107.0,64.0,72.0,78.0,69.0,70.0,108.0,102.0,113.0,78.0;85.0,85.0,101.0,96.0,109.0,106.0,62.0,85.0,84.0,82.0,82.0,87.0,99.0,91.0,103.0,96.0,68.0,64.0,62.0,75.0,82.0,101.0,102.0,97.0,44.0;
96.0,105.0,98.0,93.0,103.0,105.0,62.0,71.0,72.0,77.0,66.0,103.0,111.0,91.0,87.0,95.0,82.0,67.0,57.0,63.0,61.0,110.0,91.0,94.0,82.0;86.0,112.0,86.0,95.0,112.0,113.0,70.0,67.0,77.0,83.0,84.0,105.0,99.0,106.0,113.0,114.0,58.0,59.0,73.0,79.0,85.0,101.0,94.0,104.0,59.0;86.0,111.0,98.0,103.0,85.0,103.0,67.0,74.0,64.0,85.0,57.0,89.0,88.0,97.0,105.0,103.0,74.0,56.0,85.0,82.0,70.0,91.0,103.0,108.0,161.0;114.0,113.0,106.0,85.0,102.0,88.0,59.0,62.0,80.0,63.0,85.0,92.0,88.0,100.0,108.0,102.0,74.0,71.0,66.0,68.0,85.0,100.0,92.0,96.0,98.0;90.0,100.0,112.0,95.0,97.0,105.0,83.0,75.0,82.0,62.0,60.0,97.0,106.0,89.0,100.0,91.0,64.0,84.0,82.0,84.0,84.0,89.0,89.0,93.0,102.0;86.0,89.0,105.0,106.0,88.0,85.0,83.0,73.0,65.0,62.0,75.0,91.0,96.0,94.0,85.0,107.0,61.0,65.0,73.0,69.0,70.0,99.0,98.0,96.0,157.0;105.0,91.0,92.0,106.0,105.0,94.0,71.0,81.0,67.0,83.0,68.0,111.0,87.0,94.0,109.0,97.0,69.0,80.0,75.0,66.0,85.0,111.0,91.0,101.0,145.0;99.0,89.0,111.0,100.0,89.0,100.0,59.0,81.0,68.0,59.0,79.0,102.0,112.0,85.0,100.0,106.0,68.0,75.0,64.0,60.0,69.0,109.0,113.0,101.0,185.0;108.0,104.0,91.0,99.0,108.0,90.0,75.0,84.0,60.0,81.0,60.0,109.0,103.0,92.0,108.0,97.0,79.0,74.0,84.0,81.0,63.0,90.0,111.0,114.0,26.0;
