
94.0,94.0,92.0,86.0,85.0,86.0,59.0,64.0,66.0,70.0,68.0,96.0,98.0,88.0,107.0,91.0,81.0,67.0,74.0,58.0,66.0,86.0,104.0,112.0,180.0;
105.0,87.0,105.0,96.0,86.0,103.0,73.0,62.0,68.0,73.0,74.0,98.0,108.0,104.0,101.0,90.0,79.0,79.0,77.0,77.0,78.0,88.0,106.0,106.0,189.0;106.0,88.0,103.0,87.0,101.0,98.0,61.0,69.0,57.0,78.0,59.0,104.0,99.0,114.0,99.0,106.0,79.0,82.0,84.0,58.0,69.0,85.0,112.0,95.0,153.0;
113.0,92.0,107.0,91.0,113.0,90.0,78.0,76.0,82.0,73.0,81.0,94.0,108.0,96.0,85.0,87.0,65.0,71.0,85.0,59.0,72.0,93.0,114.0,87.0,128.0;97.0,93.0,95.0,89.0,112.0,92.0,73.0,69.0,78.0,81.0,77.0,110.0,105.0,96.0,102.0,101.0,73.0,71.0,67.0,69.0,71.0,98.0,114.0,103.0,114.0;107.0,104.0,101.0,112.0,96.0,102.0,85.0,83.0,85.0,72.0,84.0,94.0,105.0,95.0,96.0,96.0,57.0,67.0,70.0,84.0,60.0,95.0,106.0,98.0,131.0;
87.0,104.0,105.0,86.0,110.0,114.0,84.0,83.0,68.0,80.0,75.0,99.0,107.0,98.0,100.0,104.0,71.0,56.0,77.0,81.0,71.0,105.0,98.0,110.0,45.0;86.0,97.0,97.0,110.0,93.0,112.0,67.0,60.0,85.0,67.0,80.0,100.0,94.0,85.0,89.0,106.0,82.0,59.0,64.0,58.0,68.0,86.0,85.0,110.0,70.0;92.0,104.0,91.0,109.0,106.0,100.0,73.0,67.0,81.0,79.0,69.0,95.0,110.0,92.0,85.0,112.0,81.0,72.0,80.0,63.0,78.0,98.0,95.0,108.0,178.0;106.0,95.0,109.0,103.0,110.0,89.0,74.0,85.0,69.0,80.0,62.0,91.0,88.0,110.0,85.0,85.0,70.0,72.0,67.0,73.0,64.0,88.0,105.0,114.0,185.0;
101.0,100.0,85.0,104.0,102.0,101.0,85.0,73.0,70.0,56.0,58.0,112.0,113.0,106.0,98.0,92.0,74.0,56.0,77.0,77.0,69.0,103.0,103.0,111.0,59.0;103.0,99.0,107.0,97.0,97.0,111.0,58.0,84.0,64.0,62.0,68.0,110.0,104.0,89.0,103.0,87.0,79.0,72.0,82.0,60.0,59.0,94.0,85.0,93.0,155.0;113.0,104.0,93.0,86.0,87.0,113.0,84.0,82.0,60.0,83.0,78.0,105.0,88.0,104.0,109.0,102.0,85.0,67.0,70.0,64.0,58.0,99.0,101.0,89.0,24.0;110.0,96.0,96.0,99.0,85.0,102.0,73.0,84.0,62.0,84.0,78.0,99.0,86.0,109.0,95.0,101.0,59.0,73.0,84.0,68.0,61.0,102.0,112.0,97.0,148.0;103.0,90.0,91.0,100.0,99.0,108.0,83.0,61.0,84.0,81.0,63.0,103.0,93.0,92.0,112.0,111.0,68.0,63.0,81.0,74.0,75.0,113.0,97.0,98.0,49.0;
97.0,98.0,101.0,91.0,113.0,88.0,85.0,59.0,81.0,69.0,66.0,111.0,99.0,106.0,93.0,87.0,64.0,74.0,78.0,70.0,60.0,103.0,96.0,85.0,163.0;112.0,93.0,112.0,89.0,108.0,87.0,85.0,67.0,71.0,82.0,60.0,112.0,112.0,107.0,104.0,95.0,64.0,82.0,84.0,83.0,83.0,91.0,102.0,111.0,32.0;95.0,93.0,102.0,110.0,114.0,106.0,69.0,77.0,84.0,75.0,79.0,99.0,112.0,91.0,106.0,112.0,69.0,80.0,61.0,63.0,71.0,96.0,110.0,102.0,124.0;86.0,91.0,90.0,92.0,91.0,112.0,78.0,85.0,69.0,77.0,74.0,87.0,102.0,101.0,99.0,109.0,76.0,61.0,60.0,69.0,67.0,108.0,85.0,97.0,193.0;87.0,87.0,101.0,110.0,92.0,104.0,80.0,82.0,59.0,64.0,85.0,93.0,108.0,94.0,97.0,111.0,65.0,60.0,56.0,56.0,72.0,112.0,87.0,90.0,165.0;89.0,88.0,87.0,88.0,110.0,89.0,62.0,79.0,69.0,61.0,69.0,114.0,89.0,105.0,85.0,90.0,73.0,72.0,68.0,68.0,60.0,96.0,85.0,110.0,103.0;
93.0,99.0,89.0,111.0,99.0,114.0,68.0,73.0,82.0,85.0,78.0,86.0,87.0,88.0,87.0,96.0,83.0,84.0,83.0,60.0,60.0,90.0,91.0,96.0,50.0;111.0,107.0,94.0,113.0,103.0,113.0,72.0,77.0,66.0,59.0,62.0,85.0,89.0,105.0,98.0,113.0,59.0,64.0,82.0,57.0,62.0,100.0,113.0,91.0,26.0;88.0,113.0,99.0,97.0,105.0,108.0,56.0,73.0,77.0,84.0,75.0,95.0,92.0,113.0,98.0,94.0,57.0,69.0,62.0,69.0,65.0,87.0,101.0,114.0,4.0;95.0,113.0,96.0,98.0,96.0,99.0,64.0,59.0,70.0,83.0,79.0,106.0,106.0,106.0,90.0,109.0,75.0,85.0,78.0,61.0,59.0,89.0,113.0,89.0,173.0;106.0,103.0,99.0,92.0,85.0,95.0,69.0,64.0,61.0,64.0,59.0,98.0,99.0,110.0,89.0,96.0,77.0,62.0,62.0,78.0,76.0,93.0,114.0,111.0,23.0;87.0,113.0,109.0,97.0,102.0,98.0,66.0,56.0,58.0,79.0,61.0,93.0,106.0,87.0,111.0,88.0,56.0,78.0,69.0,83.0,84.0,112.0,92.0,97.0,185.0;87.0,94.0,105.0,88.0,91.0,110.0,63.0,78.0,83.0,58.0,66.0,109.0,98.0,92.0,108.0,113.0,65.0,82.0,78.0,62.0,80.0,108.0,105.0,109.0,88.0;
97.0,89.0,111.0,100.0,101.0,114.0,71.0,75.0,66.0,85.0,66.0,103.0,91.0,86.0,102.0,87.0,81.0,70.0,75.0,77.0,65.0,98.0,88.0,93.0,79.0;99.0,85.0,107.0,98.0,93.0,85.0,72.0,83.0,74.0,74.0,77.0,110.0,97.0,100.0,89.0,101.0,83.0,83.0,70.0,65.0,80.0,86.0,103.0,102.0,25.0;99.0,105.0,92.0,99.0,108.0,113.0,82.0,65.0,58.0,62.0,68.0,88.0,101.0,99.0,114.0,98.0,73.0,72.0,73.0,77.0,60.0,99.0,113.0,110.0,139.0;114.0,113.0,90.0,108.0,102.0,96.0,62.0,60.0,76.0,66.0,82.0,106.0,86.0,102.0,112.0,85.0,70.0,78.0,71.0,79.0,72.0,96.0,91.0,113.0,68.0;97.0,95.0,98.0,98.0,88.0,105.0,82.0,80.0,70.0,68.0,74.0,85.0,90.0,101.0,103.0,114.0,75.0,69.0,58.0,59.0,58.0,106.0,110.0,108.0,152.0;91.0,95.0,112.0,97.0,85.0,114.0,77.0,71.0,79.0,76.0,76.0,111.0,89.0,94.0,107.0,97.0,76.0,74.0,69.0,75.0,67.0,98.0,85.0,108.0,160.0;113.0,114.0,87.0,107.0,106.0,90.0,72.0,65.0,56.0,77.0,61.0,99.0,90.0,102.0,88.0,107.0,72.0,66.0,75.0,58.0,61.0,107.0,89.0,101.0,130.0;87.0,85.0,92.0,111.0,105.0,109.0,58.0,63.0,68.0,83.0,80.0,109.0,96.0,95.0,102.0,101.0,65.0,85.0,66.0,57.0,70.0,97.0,114.0,111.0,200.0;
108.0,108.0,112.0,93.0,105.0,93.0,69.0,64.0,66.0,58.0,64.0,111.0,98.0,85.0,87.0,95.0,65.0,73.0,63.0,63.0,75.0,104.0,96.0,85.0,127.0;85.0,107.0,90.0,101.0,101.0,106.0,61.0,77.0,63.0,66.0,70.0,109.0,94.0,88.0,114.0,102.0,70.0,62.0,63.0,59.0,71.0,97.0,93.0,102.0,55.0;107.0,112.0,103.0,107.0,105.0,102.0,62.0,72.0,75.0,65.0,84.0,93.0,100.0,107.0,88.0,91.0,81.0,75.0,61.0,79.0,66.0,86.0,113.0,103.0,43.0;99.0,100.0,102.0,106.0,103.0,90.0,74.0,56.0,74.0,64.0,70.0,92.0,106.0,88.0,94.0,103.0,66.0,85.0,79.0,77.0,66.0,88.0,87.0,107.0,182.0;99.0,109.0,106.0,90.0,108.0,107.0,84.0,73.0,67.0,74.0,68.0,92.0,100.0,92.0,111.0,111.0,59.0,85.0,70.0,81.0,75.0,113.0,89.0,100.0,105.0;108.0,89.0,111.0,104.0,99.0,97.0,84.0,75.0,84.0,65.0,63.0,110.0,102.0,109.0,105.0,103.0,64.0,56.0,80.0,66.0,61.0,85.0,87.0,87.0,70.0;97.0,103.0,97.0,97.0,86.0,99.0,67.0,66.0,73.0,63.0,82.0,112.0,96.0,114.0,101.0,94.0,80.0,85.0,66.0,75.0,81.0,114.0,113.0,110.0,56.0;95.0,107.0,109.0,93.0,99.0,99.0,68.0,57.0,73.0,77.0,68.0,105.0,112.0,88.0,97.0,105.0,78.0,66.0,64.0,76.0,58.0,114.0,86.0,104.0,122.0;102.0,92.0,86.0,106.0,87.0,87.0,64.0,61.0,83.0,82.0,67.0,88.0,88.0,92.0,104.0,92.0,84.0,69.0,65.0,56.0,76.0,112.0,85.0,106.0,36.0;
