
92.0,101.0,106.0,95.0,112.0,107.0,64.0,62.0,74.0,58.0,63.0,92.0,95.0,88.0,95.0,108.0,83.0,67.0,67.0,83.0,70.0,105.0,90.0,112.0,177.0;
101.0,89.0,104.0,101.0,97.0,100.0,63.0,62.0,62.0,76.0,62.0,103.0,102.0,88.0,107.0,108.0,83.0,70.0,58.0,64.0,79.0,89.0,90.0,103.0,32.0;104.0,97.0,87.0,88.0,94.0,114.0,76.0,79.0,80.0,66.0,56.0,85.0,104.0,95.0,102.0,87.0,74.0,76.0,75.0,67.0,76.0,89.0,108.0,92.0,180.0;
94.0,110.0,103.0,104.0,114.0,97.0,67.0,72.0,72.0,76.0,74.0,110.0,112.0,94.0,106.0,112.0,67.0,73.0,82.0,72.0,69.0,97.0,94.0,107.0,68.0;94.0,100.0,108.0,103.0,85.0,108.0,76.0,63.0,82.0,57.0,56.0,101.0,113.0,94.0,101.0,113.0,69.0,61.0,83.0,57.0,63.0,94.0,86.0,92.0,49.0;104.0,104.0,102.0,108.0,114.0,88.0,76.0,74.0,80.0,56.0,64.0,96.0,114.0,89.0,110.0,103.0,57.0,58.0,64.0,70.0,72.0,112.0,98.0,114.0,57.0;
89.0,111.0,107.0,109.0,114.0,96.0,59.0,57.0,83.0,57.0,72.0,110.0,88.0,107.0,109.0,97.0,72.0,83.0,78.0,62.0,79.0,110.0,108.0,86.0,17.0;97.0,106.0,97.0,91.0,114.0,102.0,69.0,56.0,71.0,56.0,61.0,86.0,103.0,90.0,101.0,109.0,79.0,71.0,64.0,56.0,77.0,91.0,107.0,100.0,168.0;109.0,100.0,94.0,108.0,107.0,96.0,70.0,60.0,83.0,67.0,73.0,113.0,112.0,105.0,102.0,87.0,63.0,57.0,66.0,76.0,62.0,108.0,89.0,89.0,86.0;107.0,85.0,103.0,87.0,110.0,101.0,78.0,65.0,71.0,85.0,75.0,110.0,85.0,86.0,108.0,99.0,72.0,61.0,83.0,77.0,63.0,104.0,105.0,111.0,178.0;
111.0,87.0,106.0,110.0,104.0,95.0,71.0,65.0,69.0,75.0,79.0,91.0,85.0,85.0,111.0,105.0,69.0,66.0,59.0,68.0,59.0,112.0,98.0,108.0,27.0;100.0,88.0,108.0,106.0,99.0,92.0,60.0,77.0,75.0,81.0,82.0,94.0,86.0,86.0,86.0,93.0,80.0,84.0,68.0,56.0,68.0,97.0,86.0,108.0,32.0;109.0,110.0,109.0,104.0,86.0,113.0,84.0,59.0,82.0,68.0,70.0,102.0,112.0,86.0,97.0,111.0,78.0,70.0,64.0,68.0,59.0,105.0,87.0,92.0,83.0;88.0,89.0,109.0,94.0,104.0,107.0,65.0,81.0,82.0,73.0,60.0,86.0,105.0,102.0,112.0,103.0,58.0,73.0,84.0,76.0,82.0,91.0,110.0,102.0,69.0;106.0,89.0,110.0,110.0,101.0,107.0,60.0,79.0,80.0,65.0,64.0,92.0,114.0,100.0,111.0,88.0,85.0,73.0,80.0,61.0,65.0,111.0,108.0,94.0,126.0;
92.0,102.0,108.0,86.0,99.0,99.0,68.0,71.0,67.0,60.0,74.0,85.0,100.0,108.0,88.0,111.0,84.0,68.0,62.0,82.0,68.0,110.0,106.0,96.0,180.0;86.0,112.0,114.0,87.0,90.0,86.0,60.0,63.0,58.0,65.0,79.0,86.0,108.0,111.0,98.0,99.0,63.0,65.0,58.0,80.0,57.0,97.0,111.0,111.0,33.0;98.0,94.0,107.0,99.0,92.0,105.0,80.0,83.0,80.0,80.0,66.0,94.0,87.0,114.0,111.0,104.0,81.0,80.0,63.0,84.0,75.0,92.0,86.0,111.0,190.0;86.0,102.0,110.0,109.0,113.0,95.0,80.0,84.0,65.0,64.0,67.0,102.0,98.0,91.0,103.0,101.0,81.0,72.0,58.0,63.0,74.0,86.0,97.0,113.0,139.0;85.0,105.0,97.0,107.0,102.0,106.0,82.0,84.0,79.0,77.0,69.0,110.0,106.0,113.0,90.0,110.0,79.0,71.0,71.0,67.0,68.0,90.0,93.0,105.0,114.0;101.0,95.0,98.0,109.0,87.0,111.0,65.0,69.0,72.0,83.0,68.0,95.0,98.0,105.0,108.0,99.0,77.0,71.0,83.0,70.0,82.0,89.0,90.0,96.0,168.0;
103.0,87.0,108.0,105.0,112.0,101.0,59.0,64.0,78.0,77.0,73.0,102.0,111.0,90.0,105.0,88.0,75.0,59.0,66.0,83.0,70.0,91.0,102.0,110.0,200.0;93.0,96.0,92.0,104.0,95.0,96.0,62.0,58.0,60.0,58.0,67.0,110.0,106.0,111.0,108.0,103.0,73.0,84.0,56.0,75.0,77.0,109.0,93.0,108.0,101.0;88.0,93.0,113.0,107.0,104.0,97.0,83.0,58.0,77.0,62.0,59.0,90.0,96.0,97.0,107.0,95.0,72.0,65.0,69.0,70.0,77.0,113.0,108.0,105.0,12.0;92.0,104.0,100.0,110.0,94.0,101.0,56.0,77.0,79.0,78.0,57.0,96.0,92.0,95.0,111.0,90.0,57.0,84.0,61.0,78.0,63.0,86.0,112.0,98.0,168.0;93.0,96.0,98.0,101.0,92.0,86.0,73.0,61.0,78.0,57.0,70.0,102.0,113.0,114.0,93.0,105.0,60.0,82.0,67.0,70.0,81.0,108.0,104.0,110.0,134.0;107.0,110.0,91.0,109.0,85.0,96.0,65.0,84.0,70.0,57.0,61.0,105.0,87.0,112.0,102.0,111.0,81.0,56.0,63.0,56.0,62.0,88.0,89.0,93.0,24.0;99.0,86.0,93.0,91.0,90.0,104.0,58.0,57.0,79.0,85.0,58.0,105.0,97.0,89.0,112.0,97.0,73.0,66.0,81.0,81.0,81.0,86.0,96.0,110.0,143.0;
114.0,114.0,102.0,110.0,101.0,108.0,80.0,68.0,58.0,61.0,83.0,87.0,99.0,87.0,91.0,93.0,58.0,84.0,63.0,60.0,79.0,92.0,106.0,85.0,14.0;103.0,108.0,114.0,97.0,111.0,98.0,79.0,65.0,76.0,81.0,66.0,88.0,105.0,85.0,113.0,112.0,84.0,66.0,81.0,59.0,64.0,92.0,87.0,101.0,197.0;110.0,114.0,106.0,106.0,104.0,91.0,60.0,76.0,71.0,61.0,78.0,93.0,92.0,114.0,97.0,111.0,81.0,83.0,70.0,61.0,63.0,95.0,97.0,96.0,108.0;113.0,108.0,111.0,101.0,112.0,107.0,65.0,64.0,74.0,59.0,78.0,92.0,89.0,92.0,111.0,98.0,62.0,61.0,76.0,76.0,69.0,101.0,106.0,89.0,59.0;113.0,105.0,112.0,113.0,114.0,90.0,80.0,70.0,82.0,69.0,62.0,93.0,91.0,87.0,109.0,94.0,77.0,59.0,61.0,81.0,61.0,113.0,86.0,100.0,51.0;105.0,100.0,108.0,105.0,98.0,104.0,60.0,72.0,57.0,82.0,59.0,89.0,99.0,85.0,107.0,90.0,74.0,63.0,63.0,59.0,62.0,92.0,106.0,90.0,163.0;107.0,95.0,91.0,96.0,87.0,113.0,60.0,71.0,68.0,73.0,70.0,90.0,93.0,86.0,109.0,110.0,64.0,60.0,77.0,79.0,72.0,104.0,98.0,99.0,119.0;102.0,97.0,110.0,91.0,105.0,102.0,83.0,81.0,63.0,73.0,67.0,91.0,96.0,96.0,99.0,86.0,75.0,58.0,75.0,64.0,85.0,104.0,87.0,105.0,75.0;
92.0,107.0,104.0,107.0,105.0,104.0,73.0,62.0,72.0,84.0,63.0,93.0,94.0,102.0,87.0,112.0,63.0,82.0,69.0,63.0,75.0,91.0,107.0,110.0,190.0;114.0,106.0,110.0,91.0,96.0,96.0,85.0,81.0,77.0,63.0,85.0,94.0,114.0,114.0,98.0,90.0,81.0,58.0,60.0,72.0,57.0,112.0,100.0,96.0,83.0;101.0,100.0,106.0,96.0,105.0,106.0,56.0,84.0,66.0,79.0,84.0,99.0,86.0,112.0,100.0,98.0,84.0,81.0,74.0,85.0,73.0,112.0,98.0,94.0,80.0;95.0,86.0,94.0,90.0,103.0,99.0,81.0,61.0,77.0,57.0,61.0,104.0,108.0,111.0,87.0,99.0,82.0,68.0,67.0,79.0,73.0,96.0,114.0,105.0,195.0;86.0,111.0,92.0,91.0,114.0,95.0,61.0,82.0,74.0,70.0,66.0,104.0,86.0,106.0,85.0,93.0,64.0,73.0,77.0,75.0,67.0,102.0,103.0,103.0,194.0;113.0,114.0,109.0,95.0,105.0,97.0,61.0,81.0,73.0,84.0,63.0,103.0,100.0,95.0,114.0,104.0,61.0,84.0,84.0,60.0,83.0,96.0,97.0,111.0,17.0;97.0,90.0,109.0,110.0,99.0,85.0,64.0,56.0,57.0,70.0,78.0,85.0,112.0,102.0,97.0,111.0,65.0,74.0,71.0,76.0,84.0,114.0,94.0,112.0,111.0;91.0,88.0,87.0,109.0,97.0,114.0,83.0,62.0,77.0,73.0,80.0,102.0,108.0,97.0,113.0,105.0,81.0,81.0,71.0,65.0,70.0,102.0,108.0,111.0,153.0;99.0,87.0,95.0,103.0,109.0,100.0,82.0,63.0,70.0,82.0,61.0,96.0,105.0,98.0,99.0,86.0,57.0,62.0,79.0,69.0,70.0,94.0,93.0,85.0,130.0;
