
96.0,90.0,91.0,114.0,104.0,96.0,74.0,61.0,83.0,75.0,56.0,112.0,110.0,99.0,112.0,109.0,65.0,62.0,82.0,71.0,60.0,97.0,90.0,87.0,92.0;
110.0,103.0,108.0,111.0,99.0,91.0,80.0,62.0,77.0,79.0,79.0,112.0,94.0,98.0,87.0,89.0,77.0,81.0,61.0,63.0,69.0,110.0,113.0,100.0,160.0;92.0,108.0,90.0,90.0,107.0,89.0,63.0,69.0,57.0,56.0,76.0,104.0,100.0,100.0,91.0,95.0,72.0,69.0,69.0,72.0,75.0,85.0,89.0,111.0,107.0;
100.0,113.0,92.0,103.0,102.0,92.0,79.0,58.0,64.0,80.0,57.0,96.0,103.0,102.0,106.0,94.0,76.0,80.0,63.0,73.0,60.0,92.0,114.0,88.0,37.0;93.0,108.0,85.0,87.0,106.0,106.0,81.0,80.0,67.0,74.0,60.0,99.0,98.0,112.0,98.0,103.0,68.0,72.0,64.0,72.0,74.0,100.0,107.0,93.0,156.0;88.0,97.0,108.0,104.0,93.0,114.0,76.0,80.0,75.0,80.0,61.0,104.0,99.0,111.0,89.0,95.0,81.0,66.0,84.0,70.0,69.0,114.0,87.0,103.0,103.0;
92.0,88.0,85.0,107.0,95.0,103.0,77.0,76.0,73.0,63.0,75.0,114.0,105.0,93.0,114.0,105.0,78.0,61.0,63.0,73.0,60.0,85.0,98.0,88.0,93.0;95.0,102.0,109.0,104.0,100.0,112.0,66.0,57.0,75.0,78.0,73.0,90.0,113.0,91.0,110.0,110.0,72.0,63.0,70.0,57.0,64.0,91.0,102.0,92.0,129.0;102.0,110.0,108.0,101.0,111.0,86.0,60.0,72.0,85.0,75.0,58.0,105.0,101.0,102.0,86.0,102.0,58.0,78.0,61.0,64.0,69.0,106.0,104.0,103.0,172.0;108.0,104.0,91.0,111.0,91.0,108.0,62.0,80.0,58.0,73.0,63.0,100.0,111.0,101.0,105.0,112.0,75.0,71.0,73.0,76.0,83.0,108.0,108.0,100.0,61.0;
111.0,100.0,112.0,90.0,100.0,105.0,77.0,84.0,85.0,81.0,85.0,92.0,104.0,89.0,89.0,95.0,65.0,67.0,79.0,72.0,68.0,114.0,105.0,87.0,182.0;106.0,91.0,109.0,85.0,91.0,111.0,58.0,69.0,60.0,78.0,64.0,102.0,111.0,113.0,89.0,90.0,58.0,74.0,79.0,75.0,78.0,91.0,114.0,103.0,67.0;111.0,101.0,110.0,97.0,96.0,85.0,69.0,70.0,79.0,73.0,64.0,102.0,100.0,103.0,102.0,98.0,62.0,56.0,75.0,77.0,79.0,90.0,98.0,91.0,102.0;101.0,103.0,87.0,100.0,103.0,103.0,58.0,63.0,75.0,59.0,71.0,108.0,95.0,104.0,88.0,92.0,84.0,59.0,58.0,67.0,77.0,103.0,94.0,94.0,75.0;111.0,90.0,99.0,88.0,102.0,114.0,71.0,75.0,77.0,64.0,60.0,98.0,105.0,97.0,103.0,105.0,84.0,66.0,74.0,62.0,74.0,112.0,101.0,114.0,25.0;
89.0,111.0,98.0,88.0,112.0,103.0,57.0,69.0,84.0,64.0,64.0,91.0,94.0,106.0,92.0,110.0,58.0,64.0,61.0,79.0,77.0,89.0,94.0,105.0,194.0;100.0,100.0,87.0,93.0,100.0,100.0,65.0,68.0,68.0,66.0,68.0,109.0,99.0,102.0,109.0,97.0,67.0,71.0,65.0,70.0,83.0,106.0,93.0,93.0,80.0;114.0,110.0,104.0,98.0,98.0,104.0,68.0,79.0,60.0,84.0,77.0,89.0,114.0,102.0,103.0,110.0,72.0,82.0,58.0,71.0,70.0,105.0,103.0,95.0,35.0;97.0,94.0,112.0,96.0,87.0,85.0,77.0,83.0,66.0,80.0,64.0,114.0,108.0,107.0,112.0,99.0,74.0,57.0,58.0,67.0,82.0,89.0,102.0,93.0,84.0;102.0,105.0,93.0,89.0,110.0,98.0,69.0,81.0,65.0,74.0,57.0,110.0,90.0,87.0,106.0,107.0,69.0,81.0,73.0,70.0,77.0,86.0,88.0,88.0,171.0;99.0,86.0,85.0,109.0,106.0,85.0,71.0,82.0,71.0,85.0,80.0,85.0,89.0,96.0,110.0,101.0,59.0,80.0,74.0,81.0,61.0,88.0,102.0,106.0,161.0;
106.0,97.0,87.0,111.0,92.0,100.0,61.0,58.0,74.0,81.0,58.0,106.0,109.0,92.0,112.0,100.0,82.0,60.0,63.0,57.0,67.0,97.0,101.0,109.0,141.0;97.0,101.0,89.0,112.0,112.0,96.0,66.0,65.0,71.0,84.0,70.0,98.0,89.0,98.0,96.0,111.0,80.0,60.0,67.0,77.0,59.0,96.0,109.0,109.0,169.0;114.0,91.0,89.0,102.0,104.0,104.0,80.0,60.0,78.0,61.0,56.0,102.0,106.0,97.0,101.0,92.0,62.0,62.0,73.0,80.0,79.0,107.0,98.0,90.0,108.0;106.0,93.0,96.0,102.0,104.0,98.0,80.0,56.0,56.0,80.0,61.0,110.0,97.0,112.0,85.0,104.0,73.0,75.0,73.0,74.0,69.0,98.0,107.0,94.0,62.0;99.0,106.0,98.0,104.0,97.0,107.0,85.0,79.0,75.0,68.0,74.0,89.0,95.0,100.0,97.0,95.0,72.0,63.0,84.0,74.0,82.0,91.0,104.0,112.0,37.0;114.0,94.0,113.0,112.0,98.0,102.0,67.0,60.0,60.0,69.0,82.0,93.0,114.0,92.0,107.0,95.0,79.0,80.0,82.0,67.0,73.0,91.0,92.0,112.0,176.0;86.0,92.0,107.0,91.0,85.0,109.0,67.0,65.0,81.0,56.0,82.0,112.0,87.0,99.0,106.0,107.0,63.0,81.0,69.0,57.0,57.0,86.0,104.0,87.0,144.0;
101.0,112.0,109.0,110.0,93.0,104.0,67.0,73.0,59.0,71.0,59.0,97.0,105.0,90.0,109.0,90.0,59.0,81.0,64.0,59.0,78.0,99.0,86.0,85.0,91.0;94.0,94.0,103.0,96.0,109.0,105.0,76.0,69.0,65.0,56.0,63.0,100.0,87.0,112.0,105.0,103.0,65.0,56.0,62.0,76.0,81.0,87.0,90.0,92.0,130.0;101.0,86.0,91.0,87.0,90.0,111.0,80.0,76.0,77.0,81.0,65.0,95.0,97.0,100.0,110.0,93.0,73.0,61.0,71.0,64.0,82.0,103.0,98.0,109.0,2.0;112.0,101.0,88.0,104.0,99.0,112.0,74.0,71.0,79.0,64.0,65.0,107.0,92.0,113.0,110.0,113.0,77.0,78.0,67.0,83.0,78.0,92.0,99.0,96.0,199.0;104.0,105.0,92.0,101.0,88.0,89.0,57.0,82.0,61.0,74.0,63.0,88.0,106.0,97.0,95.0,103.0,63.0,72.0,71.0,70.0,77.0,109.0,88.0,100.0,109.0;98.0,86.0,105.0,94.0,102.0,107.0,67.0,79.0,66.0,83.0,73.0,97.0,90.0,110.0,113.0,89.0,81.0,69.0,71.0,79.0,64.0,98.0,103.0,106.0,3.0;88.0,85.0,100.0,105.0,114.0,114.0,73.0,59.0,85.0,70.0,57.0,104.0,95.0,110.0,96.0,86.0,61.0,71.0,85.0,67.0,79.0,112.0,114.0,92.0,136.0;108.0,97.0,104.0,91.0,102.0,104.0,65.0,59.0,66.0,71.0,56.0,91.0,90.0,92.0,102.0,111.0,69.0,83.0,56.0,68.0,67.0,111.0,112.0,87.0,193.0;
97.0,114.0,96.0,108.0,97.0,87.0,58.0,84.0,66.0,77.0,59.0,98.0,88.0,96.0,112.0,91.0,80.0,79.0,67.0,79.0,82.0,101.0,97.0,109.0,187.0;91.0,107.0,97.0,90.0,105.0,109.0,66.0,62.0,73.0,80.0,81.0,112.0,95.0,109.0,93.0,104.0,78.0,76.0,67.0,57.0,84.0,85.0,86.0,91.0,7.0;107.0,108.0,92.0,108.0,101.0,85.0,60.0,63.0,59.0,84.0,72.0,98.0,103.0,89.0,89.0,101.0,60.0,79.0,80.0,63.0,74.0,100.0,104.0,113.0,138.0;92.0,99.0,94.0,108.0,109.0,98.0,60.0,67.0,79.0,80.0,61.0,101.0,88.0,111.0,86.0,93.0,81.0,83.0,61.0,69.0,83.0,111.0,93.0,100.0,144.0;99.0,86.0,112.0,111.0,110.0,113.0,67.0,85.0,69.0,59.0,71.0,110.0,100.0,114.0,98.0,96.0,79.0,70.0,79.0,72.0,80.0,86.0,107.0,111.0,125.0;92.0,104.0,102.0,105.0,91.0,103.0,81.0,56.0,82.0,81.0,81.0,88.0,97.0,108.0,90.0,104.0,60.0,62.0,62.0,60.0,77.0,90.0,104.0,97.0,49.0;114.0,112.0,113.0,102.0,100.0,89.0,77.0,60.0,84.0,56.0,68.0,86.0,104.0,91.0,99.0,85.0,61.0,57.0,70.0,56.0,73.0,86.0,94.0,95.0,43.0;100.0,100.0,108.0,112.0,107.0,102.0,78.0,65.0,64.0,60.0,73.0,93.0,88.0,88.0,87.0,97.0,60.0,77.0,72.0,65.0,81.0,91.0,102.0,92.0,143.0;109.0,100.0,95.0,105.0,103.0,92.0,56.0,66.0,66.0,59.0,59.0,85.0,114.0,100.0,97.0,108.0,79.0,69.0,77.0,58.0,82.0,96.0,114.0,106.0,69.0;
