
85.0,112.0,92.0,87.0,95.0,101.0,65.0,64.0,65.0,69.0,67.0,102.0,87.0,98.0,93.0,89.0,57.0,63.0,70.0,61.0,76.0,92.0,98.0,102.0,151.0;
113.0,114.0,102.0,106.0,86.0,92.0,84.0,84.0,70.0,62.0,85.0,108.0,92.0,111.0,105.0,111.0,85.0,67.0,64.0,61.0,74.0,108.0,108.0,96.0,179.0;93.0,87.0,96.0,90.0,104.0,90.0,63.0,79.0,75.0,59.0,61.0,88.0,88.0,99.0,107.0,89.0,71.0,62.0,66.0,70.0,74.0,85.0,97.0,87.0,180.0;
111.0,111.0,113.0,87.0,110.0,97.0,76.0,71.0,76.0,72.0,85.0,113.0,113.0,108.0,87.0,89.0,75.0,70.0,58.0,57.0,83.0,90.0,93.0,112.0,7.0;87.0,112.0,85.0,107.0,99.0,111.0,79.0,57.0,68.0,71.0,75.0,96.0,110.0,107.0,95.0,99.0,76.0,65.0,67.0,61.0,70.0,105.0,86.0,96.0,14.0;111.0,89.0,94.0,90.0,85.0,99.0,56.0,83.0,65.0,73.0,69.0,89.0,113.0,89.0,108.0,86.0,67.0,56.0,85.0,83.0,63.0,106.0,93.0,99.0,102.0;
99.0,112.0,114.0,89.0,90.0,92.0,75.0,69.0,68.0,77.0,65.0,91.0,87.0,87.0,89.0,113.0,73.0,60.0,57.0,70.0,76.0,112.0,109.0,92.0,103.0;107.0,107.0,99.0,111.0,98.0,109.0,74.0,59.0,84.0,71.0,75.0,111.0,90.0,107.0,101.0,101.0,71.0,84.0,66.0,62.0,74.0,87.0,92.0,86.0,94.0;95.0,95.0,110.0,113.0,109.0,95.0,73.0,58.0,62.0,72.0,78.0,99.0,92.0,88.0,90.0,110.0,71.0,77.0,83.0,63.0,75.0,108.0,97.0,110.0,61.0;88.0,85.0,114.0,89.0,96.0,98.0,63.0,72.0,70.0,75.0,59.0,92.0,86.0,108.0,107.0,96.0,62.0,80.0,67.0,75.0,85.0,114.0,87.0,91.0,104.0;
112.0,108.0,85.0,89.0,95.0,110.0,62.0,80.0,75.0,79.0,72.0,110.0,92.0,86.0,99.0,108.0,61.0,61.0,56.0,78.0,72.0,109.0,110.0,104.0,66.0;95.0,110.0,106.0,93.0,95.0,89.0,62.0,81.0,59.0,81.0,58.0,106.0,89.0,91.0,99.0,104.0,61.0,78.0,83.0,67.0,62.0,112.0,113.0,87.0,87.0;95.0,103.0,98.0,99.0,89.0,105.0,83.0,81.0,67.0,71.0,69.0,108.0,99.0,111.0,91.0,100.0,58.0,68.0,61.0,79.0,65.0,91.0,107.0,95.0,106.0;107.0,102.0,94.0,109.0,100.0,101.0,83.0,71.0,70.0,69.0,80.0,112.0,101.0,100.0,101.0,100.0,73.0,83.0,76.0,57.0,65.0,108.0,98.0,106.0,2.0;92.0,85.0,95.0,101.0,105.0,99.0,61.0,80.0,70.0,84.0,64.0,95.0,107.0,93.0,108.0,93.0,56.0,81.0,76.0,83.0,83.0,113.0,104.0,92.0,123.0;
101.0,106.0,114.0,108.0,108.0,101.0,64.0,71.0,69.0,56.0,83.0,104.0,88.0,108.0,88.0,97.0,74.0,74.0,72.0,71.0,72.0,97.0,103.0,114.0,184.0;107.0,97.0,92.0,102.0,101.0,102.0,70.0,66.0,82.0,79.0,72.0,104.0,102.0,93.0,101.0,95.0,74.0,69.0,78.0,79.0,60.0,91.0,97.0,101.0,108.0;86.0,106.0,108.0,97.0,102.0,92.0,85.0,85.0,75.0,58.0,70.0,100.0,92.0,91.0,102.0,98.0,57.0,56.0,66.0,62.0,80.0,112.0,92.0,113.0,163.0;93.0,91.0,97.0,85.0,92.0,99.0,70.0,63.0,56.0,80.0,70.0,105.0,87.0,106.0,95.0,103.0,70.0,84.0,79.0,59.0,82.0,102.0,108.0,104.0,188.0;98.0,104.0,86.0,90.0,108.0,101.0,60.0,59.0,75.0,77.0,59.0,100.0,112.0,94.0,96.0,109.0,68.0,84.0,66.0,84.0,78.0,87.0,85.0,99.0,80.0;99.0,104.0,102.0,91.0,112.0,98.0,67.0,61.0,56.0,85.0,79.0,88.0,109.0,93.0,104.0,101.0,78.0,63.0,64.0,73.0,84.0,91.0,100.0,87.0,160.0;
97.0,103.0,95.0,85.0,96.0,98.0,56.0,77.0,67.0,56.0,61.0,107.0,113.0,89.0,86.0,98.0,70.0,81.0,67.0,80.0,69.0,91.0,85.0,112.0,104.0;108.0,95.0,109.0,100.0,94.0,104.0,71.0,63.0,61.0,70.0,83.0,113.0,108.0,104.0,90.0,103.0,82.0,75.0,63.0,61.0,63.0,108.0,95.0,96.0,125.0;109.0,103.0,91.0,97.0,106.0,98.0,77.0,63.0,56.0,82.0,63.0,106.0,106.0,112.0,101.0,85.0,74.0,71.0,74.0,77.0,76.0,107.0,102.0,111.0,136.0;90.0,87.0,105.0,113.0,96.0,105.0,66.0,76.0,63.0,65.0,64.0,95.0,93.0,98.0,100.0,106.0,59.0,66.0,82.0,69.0,69.0,99.0,98.0,111.0,81.0;91.0,106.0,112.0,94.0,90.0,111.0,70.0,57.0,62.0,83.0,72.0,85.0,111.0,101.0,103.0,112.0,84.0,80.0,69.0,81.0,77.0,91.0,96.0,89.0,48.0;112.0,113.0,98.0,86.0,102.0,97.0,61.0,82.0,58.0,75.0,73.0,104.0,114.0,87.0,97.0,93.0,70.0,68.0,68.0,68.0,61.0,107.0,98.0,88.0,166.0;90.0,99.0,99.0,97.0,94.0,90.0,68.0,59.0,84.0,80.0,63.0,91.0,103.0,101.0,97.0,89.0,59.0,62.0,63.0,61.0,68.0,112.0,104.0,101.0,138.0;
101.0,101.0,110.0,85.0,101.0,103.0,60.0,83.0,76.0,78.0,69.0,101.0,110.0,90.0,97.0,94.0,68.0,65.0,72.0,64.0,62.0,106.0,113.0,92.0,182.0;113.0,90.0,98.0,114.0,91.0,97.0,73.0,76.0,76.0,82.0,80.0,90.0,93.0,97.0,92.0,107.0,74.0,83.0,64.0,73.0,57.0,99.0,111.0,100.0,35.0;110.0,100.0,114.0,97.0,88.0,102.0,68.0,63.0,63.0,56.0,75.0,93.0,109.0,101.0,101.0,106.0,68.0,62.0,62.0,84.0,62.0,106.0,90.0,86.0,170.0;86.0,103.0,106.0,99.0,94.0,87.0,70.0,76.0,78.0,83.0,63.0,112.0,111.0,103.0,100.0,98.0,57.0,57.0,67.0,56.0,67.0,111.0,107.0,108.0,180.0;97.0,114.0,101.0,112.0,92.0,112.0,60.0,73.0,76.0,56.0,77.0,98.0,114.0,103.0,109.0,107.0,69.0,81.0,59.0,85.0,82.0,107.0,103.0,100.0,30.0;112.0,114.0,86.0,111.0,99.0,108.0,58.0,66.0,73.0,71.0,73.0,108.0,86.0,111.0,97.0,89.0,75.0,67.0,65.0,60.0,72.0,93.0,102.0,100.0,183.0;112.0,91.0,106.0,104.0,102.0,103.0,72.0,62.0,61.0,74.0,81.0,101.0,90.0,105.0,112.0,99.0,57.0,57.0,61.0,60.0,63.0,111.0,109.0,95.0,184.0;89.0,108.0,86.0,112.0,104.0,113.0,80.0,81.0,64.0,70.0,68.0,85.0,90.0,107.0,109.0,95.0,64.0,83.0,66.0,83.0,61.0,109.0,105.0,100.0,161.0;
85.0,113.0,106.0,100.0,106.0,102.0,78.0,66.0,82.0,71.0,72.0,96.0,86.0,103.0,85.0,104.0,66.0,76.0,66.0,69.0,75.0,114.0,109.0,93.0,127.0;106.0,103.0,112.0,96.0,91.0,87.0,72.0,56.0,58.0,59.0,65.0,102.0,100.0,99.0,92.0,101.0,66.0,85.0,57.0,70.0,78.0,98.0,100.0,91.0,94.0;113.0,102.0,108.0,92.0,104.0,107.0,75.0,71.0,66.0,84.0,74.0,110.0,99.0,101.0,90.0,86.0,66.0,80.0,60.0,77.0,58.0,100.0,96.0,112.0,11.0;105.0,104.0,101.0,88.0,114.0,102.0,69.0,62.0,60.0,66.0,72.0,91.0,89.0,114.0,95.0,111.0,81.0,56.0,67.0,78.0,66.0,101.0,94.0,89.0,149.0;102.0,88.0,113.0,111.0,91.0,107.0,73.0,64.0,73.0,69.0,58.0,100.0,91.0,113.0,104.0,108.0,79.0,83.0,77.0,64.0,82.0,87.0,92.0,92.0,67.0;102.0,103.0,92.0,102.0,89.0,109.0,67.0,83.0,72.0,71.0,68.0,96.0,91.0,102.0,105.0,111.0,73.0,67.0,84.0,73.0,75.0,107.0,104.0,85.0,143.0;88.0,86.0,90.0,106.0,95.0,109.0,72.0,78.0,69.0,82.0,61.0,104.0,102.0,111.0,103.0,86.0,65.0,64.0,76.0,84.0,72.0,88.0,88.0,93.0,65.0;93.0,85.0,108.0,98.0,107.0,107.0,69.0,58.0,65.0,59.0,80.0,98.0,112.0,104.0,87.0,101.0,75.0,83.0,84.0,59.0,71.0,88.0,110.0,101.0,194.0;93.0,106.0,86.0,113.0,112.0,113.0,59.0,67.0,64.0,72.0,81.0,91.0,110.0,94.0,108.0,109.0,61.0,58.0,64.0,74.0,56.0,112.0,85.0,97.0,51.0;
