1
66231.353397 731.8454174381728
47162.191181 731.8454174381728
42981.99626 731.8454174381728
38720.514049 731.8454174381728
36355.628541 731.8454174381728
39143.384202 731.8454174381728
34509.777701 731.8454174381728
37517.298987 731.8454174381728
36110.981505 731.8454174381728
35227.185714 731.8454174381728
33463.562137 731.8454174381728
33300.113242 731.8454174381728
34708.582632 731.8454174381728
37864.481629 731.8454174381728
30476.062476 731.8454174381728
29766.151052 731.8454174381728
28794.848975 731.8454174381728
28537.129364 731.8454174381728
28793.110884 731.8454174381728
28604.346884 731.8454174381728
28762.983577 731.8454174381728
28685.290831 731.8454174381728
28815.008237 731.8454174381728
28686.584385 731.8454174381728
28737.138701 731.8454174381728
28645.153314 731.8454174381728
28808.635037 731.8454174381728
28611.167933 731.8454174381728
28755.523731 731.8454174381728
28587.419549 731.8454174381728
28740.788661 731.8454174381728
28609.295518 731.8454174381728
28702.402487 731.8454174381728
28773.786484 731.8454174381728
28895.806717 731.8454174381728
28642.262017 731.8454174381728
28795.199846 731.8454174381728
28729.259617 731.8454174381728
28780.822574 731.8454174381728
28730.532992 731.8454174381728
28775.151115 731.8454174381728
28646.183639 731.8454174381728
28747.001936 731.8454174381728
28742.285509 731.8454174381728
28804.547768 731.8454174381728
28455.832738 731.8454174381728
28747.867819 731.8454174381728
28644.571441 731.8454174381728
28821.195611 731.8454174381728
28626.358382 731.8454174381728
28729.57254 731.8454174381728
28638.190711 731.8454174381728
28759.567932 731.8454174381728
28717.095693 731.8454174381728
28934.954567 731.8454174381728
28610.247537 731.8454174381728
28764.000651 731.8454174381728
28907.069521 731.8454174381728
28754.910535 731.8454174381728
28670.581964 731.8454174381728
28793.886414 731.8454174381728
28663.549186 731.8454174381728
28771.692703 731.8454174381728
28657.593718 731.8454174381728
28745.696034 731.8454174381728
28970.06906 731.8454174381728
29060.517542 731.8454174381728
28644.663601 731.8454174381728
28750.863323 731.8454174381728
28689.27058 731.8454174381728
28795.011309 731.8454174381728
28616.525867 731.8454174381728
28815.884962 731.8454174381728
28749.526701 731.8454174381728
28893.465068 731.8454174381728
28714.969988 731.8454174381728
28885.836864 731.8454174381728
28599.157609 731.8454174381728
28798.874202 731.8454174381728
28606.90568 731.8454174381728
28791.395382 731.8454174381728
28868.685153 731.8454174381728
28773.963575 731.8454174381728
29162.141487 731.8454174381728
28797.772498 731.8454174381728
28625.573817 731.8454174381728
28749.269194 731.8454174381728
28675.575774 731.8454174381728
28793.115703 731.8454174381728
28667.804813 731.8454174381728
28725.666278 731.8454174381728
28870.53227 731.8454174381728
28943.548343 731.8454174381728
28651.89666 731.8454174381728
28746.104129 731.8454174381728
28591.421885 731.8454174381728
28821.177842 731.8454174381728
28700.866184 731.8454174381728
28761.341862 731.8454174381728
28592.348907 731.8454174381728
-
2
28527.860049 619.3808792328443
28548.299406 619.3808792328443
28571.455677 619.3808792328443
28442.403269 619.3808792328443
28599.084122 619.3808792328443
28387.813788 619.3808792328443
28539.49059 619.3808792328443
28374.109044 619.3808792328443
28568.771289 619.3808792328443
28501.895908 619.3808792328443
28621.80188 619.3808792328443
28471.321654 619.3808792328443
28549.14511 619.3808792328443
28415.145273 619.3808792328443
28567.1103 619.3808792328443
28394.687846 619.3808792328443
28586.087142 619.3808792328443
28465.139701 619.3808792328443
28741.230487 619.3808792328443
28536.797768 619.3808792328443
28629.815289 619.3808792328443
28406.538546 619.3808792328443
28584.89629 619.3808792328443
28454.941557 619.3808792328443
28570.74731 619.3808792328443
28523.781213 619.3808792328443
28645.952637 619.3808792328443
28622.05788 619.3808792328443
28571.362312 619.3808792328443
28531.878349 619.3808792328443
28604.729679 619.3808792328443
28520.304128 619.3808792328443
28596.091028 619.3808792328443
28377.938807 619.3808792328443
28623.098145 619.3808792328443
28534.812412 619.3808792328443
28620.86522 619.3808792328443
28444.360014 619.3808792328443
28533.167084 619.3808792328443
28421.691348 619.3808792328443
28610.187001 619.3808792328443
28545.817409 619.3808792328443
28596.177767 619.3808792328443
28549.944433 619.3808792328443
28600.257506 619.3808792328443
28471.8966 619.3808792328443
28593.631618 619.3808792328443
28512.0552 619.3808792328443
28713.656255 619.3808792328443
28464.976162 619.3808792328443
28663.705196 619.3808792328443
28445.479789 619.3808792328443
28613.860754 619.3808792328443
28516.773434 619.3808792328443
28634.219696 619.3808792328443
28396.21722 619.3808792328443
28548.084064 619.3808792328443
28409.441287 619.3808792328443
28581.342104 619.3808792328443
28590.857782 619.3808792328443
28671.447847 619.3808792328443
28513.900509 619.3808792328443
28545.660797 619.3808792328443
28404.617942 619.3808792328443
28588.257422 619.3808792328443
28433.19931 619.3808792328443
28615.372661 619.3808792328443
28435.84334 619.3808792328443
28594.157172 619.3808792328443
28490.165979 619.3808792328443
28583.148562 619.3808792328443
28314.800726 619.3808792328443
28611.678728 619.3808792328443
28451.027766 619.3808792328443
28752.635447 619.3808792328443
28502.226599 619.3808792328443
28775.46464 619.3808792328443
28340.656445 619.3808792328443
28670.527451 619.3808792328443
28485.662784 619.3808792328443
28717.664314 619.3808792328443
28417.050215 619.3808792328443
28633.847442 619.3808792328443
28487.396357 619.3808792328443
28597.802916 619.3808792328443
28466.276342 619.3808792328443
28899.003406 619.3808792328443
28494.526716 619.3808792328443
28572.192958 619.3808792328443
28511.346229 619.3808792328443
28513.290326 619.3808792328443
28495.227253 619.3808792328443
28931.21576 619.3808792328443
28464.02866 619.3808792328443
28659.346868 619.3808792328443
28398.251971 619.3808792328443
28611.368517 619.3808792328443
28569.00681 619.3808792328443
28542.988456 619.3808792328443
28494.980891 619.3808792328443
-
3
29042.964061 1317.4568318930765
28836.403228 1317.4568318930765
29010.867962 1317.4568318930765
28847.56092 1317.4568318930765
28921.528713 1317.4568318930765
29085.630257 1317.4568318930765
28922.768657 1317.4568318930765
28830.864287 1317.4568318930765
28863.607916 1317.4568318930765
28781.986621 1317.4568318930765
29058.452675 1317.4568318930765
28957.587394 1317.4568318930765
29452.294816 1317.4568318930765
28687.418043 1317.4568318930765
28916.449669 1317.4568318930765
28795.038415 1317.4568318930765
28990.796943 1317.4568318930765
28787.449967 1317.4568318930765
28873.419651 1317.4568318930765
28813.682457 1317.4568318930765
28991.605603 1317.4568318930765
28802.675052 1317.4568318930765
28917.290554 1317.4568318930765
28846.412232 1317.4568318930765
28953.743476 1317.4568318930765
28906.04552 1317.4568318930765
29018.270282 1317.4568318930765
28852.130975 1317.4568318930765
28912.687972 1317.4568318930765
28776.74675 1317.4568318930765
28924.871473 1317.4568318930765
28777.785207 1317.4568318930765
28941.353669 1317.4568318930765
28962.214673 1317.4568318930765
29003.12772 1317.4568318930765
28804.826658 1317.4568318930765
28917.926037 1317.4568318930765
28919.825859 1317.4568318930765
28924.317308 1317.4568318930765
28977.353621 1317.4568318930765
28987.205713 1317.4568318930765
28787.450569 1317.4568318930765
28943.467628 1317.4568318930765
28809.712949 1317.4568318930765
28888.620339 1317.4568318930765
29119.91561 1317.4568318930765
29099.484988 1317.4568318930765
28830.180917 1317.4568318930765
28992.834103 1317.4568318930765
28926.335191 1317.4568318930765
29006.436447 1317.4568318930765
29120.754086 1317.4568318930765
28927.91125 1317.4568318930765
29166.001066 1317.4568318930765
29040.305574 1317.4568318930765
28616.662901 1317.4568318930765
28872.427273 1317.4568318930765
28824.529637 1317.4568318930765
28945.839395 1317.4568318930765
29137.653111 1317.4568318930765
28937.212791 1317.4568318930765
28843.595628 1317.4568318930765
28906.338564 1317.4568318930765
28797.251161 1317.4568318930765
28960.410022 1317.4568318930765
28832.747244 1317.4568318930765
29042.467421 1317.4568318930765
28815.631071 1317.4568318930765
29165.690252 1317.4568318930765
28816.934865 1317.4568318930765
29140.434478 1317.4568318930765
28865.557433 1317.4568318930765
28887.533995 1317.4568318930765
28821.041409 1317.4568318930765
29225.18319 1317.4568318930765
28968.955609 1317.4568318930765
28941.310902 1317.4568318930765
28723.272526 1317.4568318930765
28901.247172 1317.4568318930765
28757.52234 1317.4568318930765
28981.403845 1317.4568318930765
28774.722239 1317.4568318930765
29076.455813 1317.4568318930765
28844.954839 1317.4568318930765
29021.137785 1317.4568318930765
28850.991624 1317.4568318930765
28925.495812 1317.4568318930765
28884.334595 1317.4568318930765
28943.70857 1317.4568318930765
28755.21894 1317.4568318930765
29066.286883 1317.4568318930765
28856.989558 1317.4568318930765
28924.874785 1317.4568318930765
28761.128931 1317.4568318930765
28958.264138 1317.4568318930765
28952.318308 1317.4568318930765
29065.053564 1317.4568318930765
28676.477799 1317.4568318930765
28958.906849 1317.4568318930765
28774.674654 1317.4568318930765
-
4
28260.180224 723.6920954783071
28449.579106 723.6920954783071
28368.637868 723.6920954783071
28236.996545 723.6920954783071
28320.463451 723.6920954783071
28229.375571 723.6920954783071
28313.684264 723.6920954783071
28223.523406 723.6920954783071
28358.994793 723.6920954783071
28267.412079 723.6920954783071
28345.893004 723.6920954783071
28216.948418 723.6920954783071
28297.794483 723.6920954783071
28107.554415 723.6920954783071
28343.062546 723.6920954783071
28142.710771 723.6920954783071
28308.772374 723.6920954783071
28323.784224 723.6920954783071
28592.350112 723.6920954783071
28200.539407 723.6920954783071
28715.636191 723.6920954783071
28254.051881 723.6920954783071
28358.065362 723.6920954783071
28208.391084 723.6920954783071
28319.460833 723.6920954783071
28155.482169 723.6920954783071
28299.377769 723.6920954783071
28225.163012 723.6920954783071
28395.81244 723.6920954783071
28198.520319 723.6920954783071
28372.707669 723.6920954783071
28250.701591 723.6920954783071
28282.945267 723.6920954783071
28267.265708 723.6920954783071
28321.324816 723.6920954783071
28259.412524 723.6920954783071
28380.929492 723.6920954783071
28506.326819 723.6920954783071
28395.291404 723.6920954783071
28090.458421 723.6920954783071
28314.606769 723.6920954783071
28150.419388 723.6920954783071
28387.191859 723.6920954783071
28345.751451 723.6920954783071
28367.738856 723.6920954783071
28247.543151 723.6920954783071
28392.150732 723.6920954783071
28124.05679 723.6920954783071
28381.973069 723.6920954783071
28195.916647 723.6920954783071
28362.368574 723.6920954783071
28262.460734 723.6920954783071
28413.279182 723.6920954783071
28233.386942 723.6920954783071
28366.082384 723.6920954783071
28135.744253 723.6920954783071
28357.63498 723.6920954783071
28184.321644 723.6920954783071
28330.015872 723.6920954783071
28226.780331 723.6920954783071
28352.098448 723.6920954783071
28186.929534 723.6920954783071
28351.641865 723.6920954783071
28125.394616 723.6920954783071
28420.564646 723.6920954783071
28177.68612 723.6920954783071
28355.967967 723.6920954783071
28157.97049 723.6920954783071
28317.471862 723.6920954783071
28300.668612 723.6920954783071
28371.164439 723.6920954783071
28304.985077 723.6920954783071
28448.2467 723.6920954783071
28131.044089 723.6920954783071
28317.00534 723.6920954783071
28177.747861 723.6920954783071
28315.625348 723.6920954783071
28209.957504 723.6920954783071
28466.796775 723.6920954783071
28218.178122 723.6920954783071
28518.619044 723.6920954783071
28060.533805 723.6920954783071
28363.341978 723.6920954783071
28110.564978 723.6920954783071
28343.781153 723.6920954783071
28148.443971 723.6920954783071
28467.863242 723.6920954783071
28229.830648 723.6920954783071
28395.924477 723.6920954783071
28187.835473 723.6920954783071
28358.44906 723.6920954783071
28188.885376 723.6920954783071
28393.646979 723.6920954783071
28318.171496 723.6920954783071
28316.802949 723.6920954783071
28183.725315 723.6920954783071
28406.896946 723.6920954783071
28184.996281 723.6920954783071
28327.268839 723.6920954783071
28237.687444 723.6920954783071
-
5
28970.913559 1046.6835969831322
28912.99969 1046.6835969831322
29072.791999 1046.6835969831322
28887.196979 1046.6835969831322
28943.731459 1046.6835969831322
28845.057539 1046.6835969831322
29038.442193 1046.6835969831322
28825.379558 1046.6835969831322
28970.102791 1046.6835969831322
28842.873406 1046.6835969831322
29185.613091 1046.6835969831322
28902.151004 1046.6835969831322
29157.994284 1046.6835969831322
28853.260689 1046.6835969831322
29004.95526 1046.6835969831322
28819.538236 1046.6835969831322
29014.205602 1046.6835969831322
28850.211577 1046.6835969831322
29151.375625 1046.6835969831322
28839.594195 1046.6835969831322
29052.301442 1046.6835969831322
28791.678789 1046.6835969831322
29216.46021 1046.6835969831322
28724.559454 1046.6835969831322
28964.713536 1046.6835969831322
28837.687746 1046.6835969831322
28995.657032 1046.6835969831322
28895.165512 1046.6835969831322
28988.265252 1046.6835969831322
28811.256178 1046.6835969831322
29077.368077 1046.6835969831322
28856.561887 1046.6835969831322
29151.792754 1046.6835969831322
28951.906298 1046.6835969831322
29125.700914 1046.6835969831322
28908.527216 1046.6835969831322
29111.375745 1046.6835969831322
28802.140764 1046.6835969831322
29035.646069 1046.6835969831322
28854.725914 1046.6835969831322
29040.451344 1046.6835969831322
28899.345543 1046.6835969831322
29034.451904 1046.6835969831322
28933.244486 1046.6835969831322
29240.492303 1046.6835969831322
29426.447229 1046.6835969831322
29038.848179 1046.6835969831322
28847.345881 1046.6835969831322
29039.8002 1046.6835969831322
28883.874698 1046.6835969831322
28991.874855 1046.6835969831322
28816.373773 1046.6835969831322
28976.651578 1046.6835969831322
28884.060524 1046.6835969831322
29081.798988 1046.6835969831322
28857.185323 1046.6835969831322
29015.787983 1046.6835969831322
28896.065428 1046.6835969831322
29058.89179 1046.6835969831322
28854.337396 1046.6835969831322
29057.567215 1046.6835969831322
28915.870205 1046.6835969831322
28928.179598 1046.6835969831322
28910.326445 1046.6835969831322
29356.604354 1046.6835969831322
28869.395027 1046.6835969831322
29011.391406 1046.6835969831322
28820.113784 1046.6835969831322
29068.525529 1046.6835969831322
29061.886992 1046.6835969831322
29076.864208 1046.6835969831322
28845.634594 1046.6835969831322
29089.315154 1046.6835969831322
28921.421795 1046.6835969831322
29112.185308 1046.6835969831322
28981.70201 1046.6835969831322
29081.40264 1046.6835969831322
28874.315651 1046.6835969831322
29051.914429 1046.6835969831322
28841.322346 1046.6835969831322
29120.436345 1046.6835969831322
28969.182095 1046.6835969831322
28964.697574 1046.6835969831322
29526.558364 1046.6835969831322
28965.475212 1046.6835969831322
28892.82055 1046.6835969831322
29070.709964 1046.6835969831322
28851.491578 1046.6835969831322
29078.043014 1046.6835969831322
29057.134726 1046.6835969831322
29056.491412 1046.6835969831322
28878.339372 1046.6835969831322
29112.557261 1046.6835969831322
28913.258702 1046.6835969831322
29184.605353 1046.6835969831322
28882.613973 1046.6835969831322
29055.709558 1046.6835969831322
28850.408848 1046.6835969831322
28994.361671 1046.6835969831322
28945.525267 1046.6835969831322
-
6
28738.620491 826.3251002279708
28748.884894 826.3251002279708
28727.937151 826.3251002279708
28663.800067 826.3251002279708
28760.669034 826.3251002279708
29045.621042 826.3251002279708
28824.484762 826.3251002279708
28512.871087 826.3251002279708
28800.836368 826.3251002279708
28602.398873 826.3251002279708
28756.460089 826.3251002279708
28578.519777 826.3251002279708
28908.878388 826.3251002279708
28746.566133 826.3251002279708
28841.481971 826.3251002279708
28693.943036 826.3251002279708
28812.890061 826.3251002279708
28727.463099 826.3251002279708
29003.576775 826.3251002279708
28578.601697 826.3251002279708
28739.978496 826.3251002279708
28570.974397 826.3251002279708
28750.854589 826.3251002279708
28640.630242 826.3251002279708
28751.419597 826.3251002279708
28647.596459 826.3251002279708
28793.795158 826.3251002279708
28672.40077 826.3251002279708
28730.118573 826.3251002279708
28864.701489 826.3251002279708
28925.67441 826.3251002279708
28658.478576 826.3251002279708
28933.616138 826.3251002279708
28779.210074 826.3251002279708
28716.833067 826.3251002279708
28627.599531 826.3251002279708
28830.861577 826.3251002279708
28654.815364 826.3251002279708
28786.98495 826.3251002279708
28668.955308 826.3251002279708
28854.686159 826.3251002279708
28647.966305 826.3251002279708
28761.731886 826.3251002279708
29069.635666 826.3251002279708
28845.470754 826.3251002279708
28686.3835 826.3251002279708
28756.763375 826.3251002279708
28679.17062 826.3251002279708
29066.81334 826.3251002279708
28533.121003 826.3251002279708
28783.25819 826.3251002279708
28692.114291 826.3251002279708
28796.665372 826.3251002279708
28757.578961 826.3251002279708
28808.299225 826.3251002279708
28726.412895 826.3251002279708
28855.646009 826.3251002279708
28718.37991 826.3251002279708
28827.781442 826.3251002279708
28584.75293 826.3251002279708
28755.806837 826.3251002279708
28555.577341 826.3251002279708
28803.604784 826.3251002279708
28650.32753 826.3251002279708
28838.622297 826.3251002279708
28668.843873 826.3251002279708
28785.057118 826.3251002279708
28870.306989 826.3251002279708
28793.511751 826.3251002279708
28641.418723 826.3251002279708
28771.346952 826.3251002279708
28620.926359 826.3251002279708
28826.23249 826.3251002279708
28899.164235 826.3251002279708
28805.845238 826.3251002279708
28663.807295 826.3251002279708
28739.665272 826.3251002279708
28620.505616 826.3251002279708
28630.130018 826.3251002279708
28606.354527 826.3251002279708
28788.418552 826.3251002279708
28593.507233 826.3251002279708
28733.068599 826.3251002279708
28661.7864 826.3251002279708
28822.600902 826.3251002279708
28673.373269 826.3251002279708
28822.466275 826.3251002279708
28594.990528 826.3251002279708
28887.924923 826.3251002279708
28790.1973 826.3251002279708
28792.606714 826.3251002279708
28703.736398 826.3251002279708
28830.681171 826.3251002279708
28675.06016 826.3251002279708
28796.607244 826.3251002279708
29225.130484 826.3251002279708
28854.661764 826.3251002279708
28651.572896 826.3251002279708
28904.205932 826.3251002279708
28770.108514 826.3251002279708
-
7
29634.722059 939.427942956291
29375.87153 939.427942956291
29538.084998 939.427942956291
29432.824044 939.427942956291
29443.108926 939.427942956291
29414.434194 939.427942956291
29520.531818 939.427942956291
29359.701052 939.427942956291
29567.086808 939.427942956291
29469.288108 939.427942956291
29547.025428 939.427942956291
29453.882017 939.427942956291
29493.698179 939.427942956291
29402.265451 939.427942956291
29494.348419 939.427942956291
29342.311109 939.427942956291
29522.750285 939.427942956291
29465.590864 939.427942956291
29596.738558 939.427942956291
29507.503516 939.427942956291
29592.787722 939.427942956291
29421.01611 939.427942956291
29564.572283 939.427942956291
29386.904837 939.427942956291
29549.866127 939.427942956291
29365.520389 939.427942956291
29679.790742 939.427942956291
29374.139462 939.427942956291
29479.615156 939.427942956291
29454.562978 939.427942956291
29489.861188 939.427942956291
29368.552936 939.427942956291
29756.707356 939.427942956291
29411.985327 939.427942956291
29607.662236 939.427942956291
29268.563478 939.427942956291
29492.428719 939.427942956291
29379.521189 939.427942956291
29654.669293 939.427942956291
29453.634751 939.427942956291
29583.79338 939.427942956291
29424.373025 939.427942956291
29550.665149 939.427942956291
29814.658872 939.427942956291
29535.79997 939.427942956291
29476.566044 939.427942956291
29451.244312 939.427942956291
29250.144414 939.427942956291
29661.489439 939.427942956291
29572.878436 939.427942956291
29660.236243 939.427942956291
29378.020426 939.427942956291
29550.143812 939.427942956291
29375.1984 939.427942956291
29676.154335 939.427942956291
29727.101686 939.427942956291
29632.865004 939.427942956291
29499.425355 939.427942956291
29767.406959 939.427942956291
29348.019914 939.427942956291
29669.328165 939.427942956291
29551.119022 939.427942956291
29577.399399 939.427942956291
29299.824414 939.427942956291
29600.77041 939.427942956291
29373.646136 939.427942956291
29548.536131 939.427942956291
29427.159813 939.427942956291
29610.80893 939.427942956291
29403.852953 939.427942956291
29569.442612 939.427942956291
29368.469811 939.427942956291
29429.659279 939.427942956291
29308.212788 939.427942956291
29534.86572 939.427942956291
29651.348218 939.427942956291
29495.173342 939.427942956291
29365.629113 939.427942956291
29584.838765 939.427942956291
29450.362767 939.427942956291
29611.821788 939.427942956291
29399.714484 939.427942956291
29592.072728 939.427942956291
29490.494562 939.427942956291
29578.566158 939.427942956291
29340.94437 939.427942956291
29522.479527 939.427942956291
29401.651051 939.427942956291
29710.767971 939.427942956291
29502.767814 939.427942956291
29648.714728 939.427942956291
29365.67429 939.427942956291
29552.974572 939.427942956291
29458.346661 939.427942956291
29410.533354 939.427942956291
29233.99803 939.427942956291
29531.517539 939.427942956291
29308.709729 939.427942956291
29513.923098 939.427942956291
29332.297587 939.427942956291
-
8
29437.263388 957.4397129281401
28994.605624 957.4397129281401
29212.385289 957.4397129281401
28987.037054 957.4397129281401
29174.870719 957.4397129281401
28931.304005 957.4397129281401
29195.875084 957.4397129281401
29056.326066 957.4397129281401
29148.946634 957.4397129281401
29132.503893 957.4397129281401
29218.258536 957.4397129281401
28994.409859 957.4397129281401
29147.610916 957.4397129281401
29023.346916 957.4397129281401
29140.227268 957.4397129281401
29093.305746 957.4397129281401
29122.361466 957.4397129281401
28990.708096 957.4397129281401
29094.96041 957.4397129281401
29079.750385 957.4397129281401
29207.684222 957.4397129281401
29130.170978 957.4397129281401
29102.089263 957.4397129281401
29041.201876 957.4397129281401
29264.690947 957.4397129281401
28976.862703 957.4397129281401
29240.211305 957.4397129281401
29024.74528 957.4397129281401
29202.773235 957.4397129281401
28961.014785 957.4397129281401
29125.392508 957.4397129281401
29094.605022 957.4397129281401
29204.049622 957.4397129281401
29016.680069 957.4397129281401
29052.065018 957.4397129281401
29093.22232 957.4397129281401
29155.894781 957.4397129281401
29024.001374 957.4397129281401
29161.779472 957.4397129281401
29076.31938 957.4397129281401
29110.300544 957.4397129281401
29025.982212 957.4397129281401
29157.086839 957.4397129281401
29167.573811 957.4397129281401
29145.902039 957.4397129281401
29055.533671 957.4397129281401
29305.217284 957.4397129281401
29007.788731 957.4397129281401
29222.693966 957.4397129281401
28933.320985 957.4397129281401
29555.031307 957.4397129281401
29084.597824 957.4397129281401
29188.608292 957.4397129281401
28952.760736 957.4397129281401
29163.315173 957.4397129281401
29080.876786 957.4397129281401
29174.483106 957.4397129281401
29025.02176 957.4397129281401
29109.150651 957.4397129281401
28991.793538 957.4397129281401
29205.474188 957.4397129281401
29016.140963 957.4397129281401
29049.378221 957.4397129281401
29028.543118 957.4397129281401
29084.299056 957.4397129281401
29048.766832 957.4397129281401
29263.799163 957.4397129281401
29094.187892 957.4397129281401
29184.024985 957.4397129281401
29066.429641 957.4397129281401
29289.947926 957.4397129281401
29184.432176 957.4397129281401
29131.683487 957.4397129281401
28961.996922 957.4397129281401
29322.540968 957.4397129281401
29120.06138 957.4397129281401
29138.812942 957.4397129281401
29103.996013 957.4397129281401
29156.169153 957.4397129281401
29049.892329 957.4397129281401
29189.010966 957.4397129281401
29139.899287 957.4397129281401
29274.725854 957.4397129281401
29203.827654 957.4397129281401
29154.987636 957.4397129281401
28981.514075 957.4397129281401
29126.319531 957.4397129281401
28953.084501 957.4397129281401
29199.819294 957.4397129281401
29016.038562 957.4397129281401
29148.179838 957.4397129281401
28994.57641 957.4397129281401
29186.506079 957.4397129281401
29125.304866 957.4397129281401
29256.320344 957.4397129281401
28959.931753 957.4397129281401
29080.183175 957.4397129281401
29022.015715 957.4397129281401
29166.635344 957.4397129281401
29143.558283 957.4397129281401
-
9
29324.988329 872.0476885921075
29117.691722 872.0476885921075
29410.993251 872.0476885921075
29202.700953 872.0476885921075
29326.572519 872.0476885921075
29177.349404 872.0476885921075
29607.974256 872.0476885921075
29251.453027 872.0476885921075
29336.367387 872.0476885921075
29146.339047 872.0476885921075
29327.192039 872.0476885921075
29300.445139 872.0476885921075
29559.237541 872.0476885921075
29268.479449 872.0476885921075
29480.127157 872.0476885921075
29207.870952 872.0476885921075
29392.514555 872.0476885921075
29280.684334 872.0476885921075
29390.729781 872.0476885921075
29215.34947 872.0476885921075
29397.547518 872.0476885921075
29166.359467 872.0476885921075
29272.53901 872.0476885921075
29232.104533 872.0476885921075
29570.8473 872.0476885921075
29259.522153 872.0476885921075
29337.340489 872.0476885921075
29265.652604 872.0476885921075
29406.180447 872.0476885921075
29267.147947 872.0476885921075
29400.613195 872.0476885921075
29315.448859 872.0476885921075
29388.700452 872.0476885921075
29198.418823 872.0476885921075
29463.555512 872.0476885921075
29286.884658 872.0476885921075
29408.917541 872.0476885921075
29288.957056 872.0476885921075
29471.604759 872.0476885921075
29323.717364 872.0476885921075
29430.624851 872.0476885921075
29245.811084 872.0476885921075
29441.709359 872.0476885921075
29110.711651 872.0476885921075
29550.266692 872.0476885921075
29175.060762 872.0476885921075
29338.142222 872.0476885921075
29401.482693 872.0476885921075
29342.102996 872.0476885921075
29263.456725 872.0476885921075
29431.88377 872.0476885921075
29394.905295 872.0476885921075
29673.062455 872.0476885921075
29296.463884 872.0476885921075
29353.851598 872.0476885921075
29180.830404 872.0476885921075
29378.042412 872.0476885921075
29212.674118 872.0476885921075
29322.578615 872.0476885921075
29132.566838 872.0476885921075
29338.954796 872.0476885921075
29365.335767 872.0476885921075
29305.888606 872.0476885921075
29346.890502 872.0476885921075
29338.431652 872.0476885921075
29240.609763 872.0476885921075
29362.579096 872.0476885921075
29170.246453 872.0476885921075
29329.829142 872.0476885921075
29191.32581 872.0476885921075
29449.781496 872.0476885921075
29402.278703 872.0476885921075
29473.442841 872.0476885921075
29388.80466 872.0476885921075
29402.98436 872.0476885921075
29437.245016 872.0476885921075
29486.833459 872.0476885921075
29243.052908 872.0476885921075
29474.889995 872.0476885921075
29262.48031 872.0476885921075
29691.820944 872.0476885921075
29304.758893 872.0476885921075
29337.639256 872.0476885921075
29283.450642 872.0476885921075
29400.651446 872.0476885921075
29042.858347 872.0476885921075
29363.168499 872.0476885921075
29283.475037 872.0476885921075
29264.38435 872.0476885921075
29229.846008 872.0476885921075
29383.587978 872.0476885921075
29182.153473 872.0476885921075
29481.892052 872.0476885921075
29243.513106 872.0476885921075
29469.792881 872.0476885921075
29180.88552 872.0476885921075
29323.743867 872.0476885921075
29348.303623 872.0476885921075
29356.057115 872.0476885921075
29206.003657 872.0476885921075
-
