1
0.486702 4.2931577555993545
0.40177 4.2931577555993545
0.396048 4.2931577555993545
0.396951 4.2931577555993545
0.388819 4.2931577555993545
0.390626 4.2931577555993545
0.405083 4.2931577555993545
0.385205 4.2931577555993545
0.374663 4.2931577555993545
0.379783 4.2931577555993545
0.35328 4.2931577555993545
0.36864 4.2931577555993545
0.356593 4.2931577555993545
0.351473 4.2931577555993545
0.357798 4.2931577555993545
0.359906 4.2931577555993545
0.362617 4.2931577555993545
0.376471 4.2931577555993545
0.366833 4.2931577555993545
0.377675 4.2931577555993545
0.351473 4.2931577555993545
0.362918 4.2931577555993545
0.363219 4.2931577555993545
0.351774 4.2931577555993545
0.350269 4.2931577555993545
0.347256 4.2931577555993545
0.319548 4.2931577555993545
0.309309 4.2931577555993545
0.641808 4.2931577555993545
0.296358 4.2931577555993545
0.284009 4.2931577555993545
0.285817 4.2931577555993545
0.295756 4.2931577555993545
0.287624 4.2931577555993545
0.27136 4.2931577555993545
0.269855 4.2931577555993545
0.270155 4.2931577555993545
0.273468 4.2931577555993545
0.272866 4.2931577555993545
0.297261 4.2931577555993545
0.266842 4.2931577555993545
0.293346 4.2931577555993545
0.293647 4.2931577555993545
0.288227 4.2931577555993545
0.302683 4.2931577555993545
0.334607 4.2931577555993545
0.374965 4.2931577555993545
0.293346 4.2931577555993545
0.247567 4.2931577555993545
0.290033 4.2931577555993545
0.233111 4.2931577555993545
0.163841 4.2931577555993545
0.16113 4.2931577555993545
0.164442 4.2931577555993545
0.161732 4.2931577555993545
0.158117 4.2931577555993545
0.164443 4.2931577555993545
0.16384 4.2931577555993545
0.159322 4.2931577555993545
0.157817 4.2931577555993545
0.168057 4.2931577555993545
0.185524 4.2931577555993545
0.201186 4.2931577555993545
0.156913 4.2931577555993545
0.162635 4.2931577555993545
0.23823 4.2931577555993545
0.186428 4.2931577555993545
0.1792 4.2931577555993545
0.160527 4.2931577555993545
0.182212 4.2931577555993545
0.187633 4.2931577555993545
0.169863 4.2931577555993545
0.181007 4.2931577555993545
0.167153 4.2931577555993545
0.159021 4.2931577555993545
0.162033 4.2931577555993545
0.156311 4.2931577555993545
0.155708 4.2931577555993545
0.157817 4.2931577555993545
0.168057 4.2931577555993545
0.157516 4.2931577555993545
0.152697 4.2931577555993545
0.175586 4.2931577555993545
0.159924 4.2931577555993545
0.162937 4.2931577555993545
0.156913 4.2931577555993545
0.243351 4.2931577555993545
0.168357 4.2931577555993545
0.193656 4.2931577555993545
0.164442 4.2931577555993545
0.165948 4.2931577555993545
0.165045 4.2931577555993545
0.167153 4.2931577555993545
0.163238 4.2931577555993545
0.164141 4.2931577555993545
0.176188 4.2931577555993545
0.173779 4.2931577555993545
0.176189 4.2931577555993545
0.178598 4.2931577555993545
0.164743 4.2931577555993545
-
2
0.203294 22.133103362282178
0.18161 22.133103362282178
0.174683 22.133103362282178
0.246664 22.133103362282178
0.191849 22.133103362282178
0.173779 22.133103362282178
0.173779 22.133103362282178
0.201487 22.133103362282178
0.252386 22.133103362282178
0.143059 22.133103362282178
0.160226 22.133103362282178
0.140348 22.133103362282178
0.141854 22.133103362282178
0.144264 22.133103362282178
0.137637 22.133103362282178
0.13553 22.133103362282178
0.140951 22.133103362282178
0.137939 22.133103362282178
0.136734 22.133103362282178
0.136433 22.133103362282178
0.138541 22.133103362282178
0.136132 22.133103362282178
0.139746 22.133103362282178
0.136735 22.133103362282178
0.142156 22.133103362282178
0.137939 22.133103362282178
0.187031 22.133103362282178
0.162936 22.133103362282178
0.147577 22.133103362282178
0.147276 22.133103362282178
0.142456 22.133103362282178
0.151492 22.133103362282178
0.146372 22.133103362282178
0.136433 22.133103362282178
0.141251 22.133103362282178
0.144565 22.133103362282178
0.144866 22.133103362282178
0.143059 22.133103362282178
0.151793 22.133103362282178
0.138843 22.133103362282178
0.152395 22.133103362282178
0.140349 22.133103362282178
0.142156 22.133103362282178
0.205703 22.133103362282178
0.137337 22.133103362282178
0.13553 22.133103362282178
0.248772 22.133103362282178
0.164142 22.133103362282178
0.135529 22.133103362282178
0.134023 22.133103362282178
0.132819 22.133103362282178
0.137939 22.133103362282178
0.133421 22.133103362282178
0.188236 22.133103362282178
0.134023 22.133103362282178
0.135229 22.133103362282178
0.132518 22.133103362282178
0.132819 22.133103362282178
0.133421 22.133103362282178
0.136132 22.133103362282178
0.131614 22.133103362282178
0.132216 22.133103362282178
0.13312 22.133103362282178
0.181309 22.133103362282178
0.137638 22.133103362282178
0.147577 22.133103362282178
0.137035 22.133103362282178
0.139445 22.133103362282178
0.137637 22.133103362282178
0.135228 22.133103362282178
0.137939 22.133103362282178
0.144564 22.133103362282178
0.136433 22.133103362282178
0.178297 22.133103362282178
0.145468 22.133103362282178
0.137638 22.133103362282178
0.134626 22.133103362282178
0.134626 22.133103362282178
0.136734 22.133103362282178
0.137336 22.133103362282178
0.134927 22.133103362282178
0.137337 22.133103362282178
0.139444 22.133103362282178
0.171972 22.133103362282178
0.140047 22.133103362282178
0.136433 22.133103362282178
0.138541 22.133103362282178
0.138843 22.133103362282178
0.144565 22.133103362282178
0.144565 22.133103362282178
0.137035 22.133103362282178
0.141252 22.133103362282178
0.138843 22.133103362282178
0.171671 22.133103362282178
0.121976 22.133103362282178
0.124085 22.133103362282178
0.119567 22.133103362282178
0.12047 22.133103362282178
0.133723 22.133103362282178
0.131916 22.133103362282178
-
3
0.164142 8.46291152125313
0.118362 8.46291152125313
0.119868 8.46291152125313
0.122278 8.46291152125313
0.449657 8.46291152125313
0.125591 8.46291152125313
0.11776 8.46291152125313
0.12017 8.46291152125313
0.115351 8.46291152125313
0.114146 8.46291152125313
0.114748 8.46291152125313
0.114146 8.46291152125313
0.15089 8.46291152125313
0.120169 8.46291152125313
0.167153 8.46291152125313
0.115953 8.46291152125313
0.11776 8.46291152125313
0.121977 8.46291152125313
0.12288 8.46291152125313
0.127398 8.46291152125313
0.114447 8.46291152125313
0.114146 8.46291152125313
0.124688 8.46291152125313
0.113845 8.46291152125313
0.160226 8.46291152125313
0.116555 8.46291152125313
0.124386 8.46291152125313
0.114447 8.46291152125313
0.115652 8.46291152125313
0.12529 8.46291152125313
0.115652 8.46291152125313
0.118965 8.46291152125313
0.171971 8.46291152125313
0.112339 8.46291152125313
0.146975 8.46291152125313
0.108424 8.46291152125313
0.10752 8.46291152125313
0.107821 8.46291152125313
0.109629 8.46291152125313
0.285816 8.46291152125313
0.119868 8.46291152125313
0.115049 8.46291152125313
0.111736 8.46291152125313
0.109026 8.46291152125313
0.142758 8.46291152125313
0.109026 8.46291152125313
0.110231 8.46291152125313
0.106918 8.46291152125313
0.106315 8.46291152125313
0.106617 8.46291152125313
0.11023 8.46291152125313
0.10752 8.46291152125313
0.108725 8.46291152125313
0.108424 8.46291152125313
0.10752 8.46291152125313
0.188235 8.46291152125313
0.113845 8.46291152125313
0.109327 8.46291152125313
0.138542 8.46291152125313
0.107822 8.46291152125313
0.127096 8.46291152125313
0.101195 8.46291152125313
0.103002 8.46291152125313
0.100593 8.46291152125313
0.10993 8.46291152125313
0.100894 8.46291152125313
0.099991 8.46291152125313
0.100292 8.46291152125313
0.100292 8.46291152125313
0.100894 8.46291152125313
0.09969 8.46291152125313
0.099388 8.46291152125313
0.099389 8.46291152125313
0.104508 8.46291152125313
0.101195 8.46291152125313
0.11505 8.46291152125313
0.101195 8.46291152125313
0.101797 8.46291152125313
0.101798 8.46291152125313
0.100292 8.46291152125313
0.105713 8.46291152125313
0.101195 8.46291152125313
0.101195 8.46291152125313
0.100593 8.46291152125313
0.105111 8.46291152125313
0.100895 8.46291152125313
0.099389 8.46291152125313
0.104207 8.46291152125313
0.101496 8.46291152125313
0.108423 8.46291152125313
0.104208 8.46291152125313
0.101496 8.46291152125313
0.099389 8.46291152125313
0.100292 8.46291152125313
0.102099 8.46291152125313
0.1024 8.46291152125313
0.100894 8.46291152125313
0.100593 8.46291152125313
0.099991 8.46291152125313
0.100292 8.46291152125313
-
4
0.120471 15.078661669939562
0.106918 15.078661669939562
0.103604 15.078661669939562
0.102099 15.078661669939562
0.105111 15.078661669939562
0.105111 15.078661669939562
0.103002 15.078661669939562
0.101497 15.078661669939562
0.105713 15.078661669939562
0.1024 15.078661669939562
0.109929 15.078661669939562
0.101195 15.078661669939562
0.100593 15.078661669939562
0.103604 15.078661669939562
0.10993 15.078661669939562
0.100894 15.078661669939562
0.105713 15.078661669939562
0.101798 15.078661669939562
0.101195 15.078661669939562
0.104809 15.078661669939562
0.112941 15.078661669939562
0.10752 15.078661669939562
0.100894 15.078661669939562
0.103604 15.078661669939562
0.102099 15.078661669939562
0.1024 15.078661669939562
2.531089 15.078661669939562
0.104207 15.078661669939562
0.093364 15.078661669939562
0.091859 15.078661669939562
0.117158 15.078661669939562
0.09728 15.078661669939562
0.111435 15.078661669939562
0.097581 15.078661669939562
0.092461 15.078661669939562
0.091557 15.078661669939562
0.090955 15.078661669939562
0.090956 15.078661669939562
0.100292 15.078661669939562
0.101496 15.078661669939562
0.102099 15.078661669939562
0.103303 15.078661669939562
0.100894 15.078661669939562
0.100593 15.078661669939562
0.100593 15.078661669939562
0.100292 15.078661669939562
0.090353 15.078661669939562
0.090051 15.078661669939562
0.090353 15.078661669939562
0.093967 15.078661669939562
0.091859 15.078661669939562
0.090052 15.078661669939562
0.090052 15.078661669939562
0.090353 15.078661669939562
0.092461 15.078661669939562
0.090052 15.078661669939562
0.089751 15.078661669939562
0.093365 15.078661669939562
0.090052 15.078661669939562
0.089751 15.078661669939562
0.08975 15.078661669939562
0.090051 15.078661669939562
0.108123 15.078661669939562
0.101496 15.078661669939562
0.10481 15.078661669939562
0.104207 15.078661669939562
0.101195 15.078661669939562
0.100593 15.078661669939562
0.104809 15.078661669939562
0.108424 15.078661669939562
0.090353 15.078661669939562
0.090353 15.078661669939562
0.093365 15.078661669939562
0.093365 15.078661669939562
0.093064 15.078661669939562
0.093365 15.078661669939562
0.091558 15.078661669939562
0.093365 15.078661669939562
0.090955 15.078661669939562
0.091257 15.078661669939562
0.096075 15.078661669939562
0.092462 15.078661669939562
0.090955 15.078661669939562
0.090655 15.078661669939562
0.090051 15.078661669939562
0.090353 15.078661669939562
0.090051 15.078661669939562
0.090654 15.078661669939562
0.097581 15.078661669939562
0.090654 15.078661669939562
0.090052 15.078661669939562
0.09216 15.078661669939562
0.090654 15.078661669939562
0.089751 15.078661669939562
0.090654 15.078661669939562
0.092462 15.078661669939562
0.090655 15.078661669939562
0.090654 15.078661669939562
0.091256 15.078661669939562
0.090955 15.078661669939562
-
5
0.116555 16.009843304912636
0.093364 16.009843304912636
0.091257 16.009843304912636
0.090654 16.009843304912636
0.090955 16.009843304912636
0.090353 16.009843304912636
0.092461 16.009843304912636
0.093063 16.009843304912636
0.09457 16.009843304912636
0.096076 16.009843304912636
0.090654 16.009843304912636
0.099389 16.009843304912636
0.090654 16.009843304912636
0.090353 16.009843304912636
0.090353 16.009843304912636
0.090353 16.009843304912636
0.097582 16.009843304912636
0.093064 16.009843304912636
0.090052 16.009843304912636
0.093666 16.009843304912636
0.094569 16.009843304912636
0.093365 16.009843304912636
0.104207 16.009843304912636
0.093365 16.009843304912636
0.093365 16.009843304912636
0.093365 16.009843304912636
0.090353 16.009843304912636
0.08945 16.009843304912636
0.089449 16.009843304912636
0.089449 16.009843304912636
0.089449 16.009843304912636
0.089751 16.009843304912636
0.089751 16.009843304912636
0.091257 16.009843304912636
0.092461 16.009843304912636
0.090353 16.009843304912636
0.26383 16.009843304912636
0.091257 16.009843304912636
0.090353 16.009843304912636
0.090052 16.009843304912636
0.089449 16.009843304912636
0.090955 16.009843304912636
0.10993 16.009843304912636
0.098786 16.009843304912636
0.090654 16.009843304912636
0.090052 16.009843304912636
0.090353 16.009843304912636
0.090353 16.009843304912636
0.08975 16.009843304912636
0.16384 16.009843304912636
0.106918 16.009843304912636
0.090353 16.009843304912636
0.090654 16.009843304912636
0.090353 16.009843304912636
0.090052 16.009843304912636
0.090052 16.009843304912636
0.090353 16.009843304912636
0.09216 16.009843304912636
0.090353 16.009843304912636
0.090052 16.009843304912636
0.091558 16.009843304912636
0.090955 16.009843304912636
0.089751 16.009843304912636
0.219859 16.009843304912636
0.091557 16.009843304912636
0.103304 16.009843304912636
0.093365 16.009843304912636
0.097581 16.009843304912636
0.227389 16.009843304912636
0.106617 16.009843304912636
0.092763 16.009843304912636
0.091859 16.009843304912636
0.1024 16.009843304912636
0.105412 16.009843304912636
0.09728 16.009843304912636
0.09457 16.009843304912636
0.096678 16.009843304912636
0.154805 16.009843304912636
0.236725 16.009843304912636
0.107521 16.009843304912636
0.256 16.009843304912636
0.105111 16.009843304912636
0.09487 16.009843304912636
0.094268 16.009843304912636
0.10752 16.009843304912636
0.092762 16.009843304912636
0.093063 16.009843304912636
0.091859 16.009843304912636
0.100593 16.009843304912636
0.091257 16.009843304912636
0.229798 16.009843304912636
0.093365 16.009843304912636
0.091558 16.009843304912636
0.090654 16.009843304912636
0.097882 16.009843304912636
0.091859 16.009843304912636
0.099388 16.009843304912636
0.091256 16.009843304912636
0.090654 16.009843304912636
0.090353 16.009843304912636
-
6
0.113845 16.276810159895984
0.096377 16.276810159895984
0.093967 16.276810159895984
0.174682 16.276810159895984
0.098786 16.276810159895984
0.094268 16.276810159895984
0.093365 16.276810159895984
0.149986 16.276810159895984
0.093967 16.276810159895984
0.094871 16.276810159895984
0.092763 16.276810159895984
0.09487 16.276810159895984
0.092462 16.276810159895984
0.095171 16.276810159895984
0.09487 16.276810159895984
0.09216 16.276810159895984
0.091859 16.276810159895984
0.208415 16.276810159895984
0.093064 16.276810159895984
0.096678 16.276810159895984
0.093064 16.276810159895984
0.093063 16.276810159895984
0.092762 16.276810159895984
0.09216 16.276810159895984
0.091256 16.276810159895984
0.113242 16.276810159895984
0.093365 16.276810159895984
0.095473 16.276810159895984
0.09216 16.276810159895984
0.092461 16.276810159895984
0.097581 16.276810159895984
0.095172 16.276810159895984
0.106617 16.276810159895984
0.094871 16.276810159895984
0.093365 16.276810159895984
0.09999 16.276810159895984
0.162635 16.276810159895984
0.095774 16.276810159895984
0.093967 16.276810159895984
0.093365 16.276810159895984
0.093064 16.276810159895984
0.092762 16.276810159895984
0.093064 16.276810159895984
0.09216 16.276810159895984
0.218052 16.276810159895984
0.096677 16.276810159895984
0.093064 16.276810159895984
0.093064 16.276810159895984
0.093064 16.276810159895984
0.092462 16.276810159895984
0.096979 16.276810159895984
0.09216 16.276810159895984
0.091859 16.276810159895984
0.092763 16.276810159895984
0.092461 16.276810159895984
0.09216 16.276810159895984
1.420952 16.276810159895984
0.104509 16.276810159895984
0.276481 16.276810159895984
0.095473 16.276810159895984
0.094569 16.276810159895984
0.093063 16.276810159895984
0.095172 16.276810159895984
0.092762 16.276810159895984
0.09216 16.276810159895984
0.15872 16.276810159895984
0.09728 16.276810159895984
0.096677 16.276810159895984
0.106014 16.276810159895984
0.09216 16.276810159895984
0.093967 16.276810159895984
0.1792 16.276810159895984
0.092762 16.276810159895984
0.093063 16.276810159895984
0.092461 16.276810159895984
0.091859 16.276810159895984
0.091859 16.276810159895984
0.091859 16.276810159895984
0.091859 16.276810159895984
0.091859 16.276810159895984
0.09216 16.276810159895984
0.096076 16.276810159895984
0.091859 16.276810159895984
0.091859 16.276810159895984
0.092161 16.276810159895984
0.098183 16.276810159895984
0.093666 16.276810159895984
0.093063 16.276810159895984
0.09216 16.276810159895984
0.094268 16.276810159895984
0.091557 16.276810159895984
0.09216 16.276810159895984
0.095172 16.276810159895984
0.096075 16.276810159895984
0.09728 16.276810159895984
0.091859 16.276810159895984
0.091859 16.276810159895984
0.091859 16.276810159895984
0.177393 16.276810159895984
0.092762 16.276810159895984
-
7
0.09457 6.831119621119621
0.091257 6.831119621119621
0.594222 6.831119621119621
0.095774 6.831119621119621
0.093666 6.831119621119621
0.094569 6.831119621119621
80.712042 6.831119621119621
0.121374 6.831119621119621
0.068668 6.831119621119621
0.06897 6.831119621119621
0.38129 6.831119621119621
0.068065 6.831119621119621
0.068969 6.831119621119621
0.096979 6.831119621119621
0.077101 6.831119621119621
0.064452 6.831119621119621
0.063849 6.831119621119621
0.063548 6.831119621119621
0.063247 6.831119621119621
0.063849 6.831119621119621
0.099991 6.831119621119621
0.06656 6.831119621119621
0.065958 6.831119621119621
0.06385 6.831119621119621
0.063247 6.831119621119621
0.063247 6.831119621119621
0.063548 6.831119621119621
0.063549 6.831119621119621
0.06656 6.831119621119621
0.06385 6.831119621119621
0.320753 6.831119621119621
0.068066 6.831119621119621
0.063849 6.831119621119621
0.063548 6.831119621119621
0.530673 6.831119621119621
0.083426 6.831119621119621
0.066258 6.831119621119621
0.064451 6.831119621119621
0.064452 6.831119621119621
0.065356 6.831119621119621
0.063549 6.831119621119621
0.063549 6.831119621119621
0.064151 6.831119621119621
0.080414 6.831119621119621
0.062946 6.831119621119621
0.062645 6.831119621119621
0.063247 6.831119621119621
0.063247 6.831119621119621
4.017396 6.831119621119621
0.074391 6.831119621119621
0.065054 6.831119621119621
0.073487 6.831119621119621
0.065054 6.831119621119621
0.063549 6.831119621119621
0.063247 6.831119621119621
0.062946 6.831119621119621
0.063548 6.831119621119621
0.063247 6.831119621119621
0.063247 6.831119621119621
0.076499 6.831119621119621
0.065957 6.831119621119621
0.063849 6.831119621119621
0.063548 6.831119621119621
0.077403 6.831119621119621
0.066861 6.831119621119621
0.065054 6.831119621119621
0.081619 6.831119621119621
0.099388 6.831119621119621
0.069572 6.831119621119621
0.068066 6.831119621119621
0.076198 6.831119621119621
0.072885 6.831119621119621
0.073788 6.831119621119621
0.074089 6.831119621119621
0.07168 6.831119621119621
0.066861 6.831119621119621
0.065055 6.831119621119621
0.065356 6.831119621119621
0.062946 6.831119621119621
0.062946 6.831119621119621
0.063247 6.831119621119621
0.063549 6.831119621119621
0.068668 6.831119621119621
0.062946 6.831119621119621
0.065958 6.831119621119621
0.06385 6.831119621119621
0.063548 6.831119621119621
0.079812 6.831119621119621
0.066259 6.831119621119621
0.063247 6.831119621119621
0.065657 6.831119621119621
0.063248 6.831119621119621
0.065656 6.831119621119621
0.063247 6.831119621119621
0.062946 6.831119621119621
0.062946 6.831119621119621
0.062946 6.831119621119621
0.062946 6.831119621119621
0.065355 6.831119621119621
0.062645 6.831119621119621
-
8
0.162335 18.333481833481834
0.152998 18.333481833481834
0.496038 18.333481833481834
0.070476 18.333481833481834
0.065355 18.333481833481834
0.064151 18.333481833481834
0.06385 18.333481833481834
0.062946 18.333481833481834
0.067163 18.333481833481834
0.064151 18.333481833481834
0.064753 18.333481833481834
0.067163 18.333481833481834
0.064452 18.333481833481834
0.067764 18.333481833481834
0.063549 18.333481833481834
0.075596 18.333481833481834
0.068066 18.333481833481834
0.077403 18.333481833481834
2.898524 18.333481833481834
0.066861 18.333481833481834
0.065054 18.333481833481834
0.064452 18.333481833481834
0.063549 18.333481833481834
0.133722 18.333481833481834
0.063849 18.333481833481834
0.063548 18.333481833481834
0.063247 18.333481833481834
0.062645 18.333481833481834
0.065356 18.333481833481834
0.063549 18.333481833481834
0.063247 18.333481833481834
0.062946 18.333481833481834
0.062645 18.333481833481834
0.069572 18.333481833481834
0.081619 18.333481833481834
0.06385 18.333481833481834
0.062645 18.333481833481834
0.062645 18.333481833481834
0.062644 18.333481833481834
0.062343 18.333481833481834
0.062946 18.333481833481834
0.066259 18.333481833481834
0.062946 18.333481833481834
0.062946 18.333481833481834
0.062645 18.333481833481834
0.118363 18.333481833481834
0.062644 18.333481833481834
0.062043 18.333481833481834
0.062645 18.333481833481834
0.064151 18.333481833481834
0.062644 18.333481833481834
0.062042 18.333481833481834
0.062043 18.333481833481834
0.062343 18.333481833481834
0.062645 18.333481833481834
0.062946 18.333481833481834
0.062946 18.333481833481834
0.062645 18.333481833481834
0.062344 18.333481833481834
0.062043 18.333481833481834
0.062043 18.333481833481834
0.061742 18.333481833481834
0.062344 18.333481833481834
0.062042 18.333481833481834
0.062042 18.333481833481834
0.062344 18.333481833481834
0.062344 18.333481833481834
0.062344 18.333481833481834
0.062344 18.333481833481834
0.062645 18.333481833481834
0.062042 18.333481833481834
0.062645 18.333481833481834
0.064753 18.333481833481834
0.062645 18.333481833481834
0.062946 18.333481833481834
0.069271 18.333481833481834
0.062344 18.333481833481834
0.062645 18.333481833481834
0.062344 18.333481833481834
0.062645 18.333481833481834
0.064753 18.333481833481834
0.062344 18.333481833481834
0.062645 18.333481833481834
0.062946 18.333481833481834
0.062043 18.333481833481834
0.062042 18.333481833481834
0.062344 18.333481833481834
0.062344 18.333481833481834
0.065958 18.333481833481834
0.062644 18.333481833481834
0.062343 18.333481833481834
0.062343 18.333481833481834
0.062344 18.333481833481834
0.062344 18.333481833481834
0.062344 18.333481833481834
0.062344 18.333481833481834
0.062344 18.333481833481834
0.062645 18.333481833481834
0.062946 18.333481833481834
0.062946 18.333481833481834
-
9
0.081317 6.770163434881695
0.065356 6.770163434881695
0.064151 6.770163434881695
0.065656 6.770163434881695
0.063849 6.770163434881695
0.063549 6.770163434881695
0.062946 6.770163434881695
0.062645 6.770163434881695
0.062644 6.770163434881695
0.062946 6.770163434881695
0.062344 6.770163434881695
0.066259 6.770163434881695
0.062645 6.770163434881695
0.062644 6.770163434881695
0.062645 6.770163434881695
0.062645 6.770163434881695
0.062644 6.770163434881695
0.062344 6.770163434881695
0.063849 6.770163434881695
0.06385 6.770163434881695
0.062344 6.770163434881695
0.062344 6.770163434881695
0.062945 6.770163434881695
0.062645 6.770163434881695
0.062343 6.770163434881695
0.062343 6.770163434881695
0.062645 6.770163434881695
0.065356 6.770163434881695
0.062644 6.770163434881695
0.062645 6.770163434881695
0.062645 6.770163434881695
0.062343 6.770163434881695
0.062344 6.770163434881695
0.062645 6.770163434881695
0.062644 6.770163434881695
0.062344 6.770163434881695
0.062344 6.770163434881695
0.062343 6.770163434881695
0.063247 6.770163434881695
0.063247 6.770163434881695
0.062946 6.770163434881695
0.063248 6.770163434881695
0.078005 6.770163434881695
0.065656 6.770163434881695
0.06385 6.770163434881695
0.063549 6.770163434881695
0.062946 6.770163434881695
0.062946 6.770163434881695
0.062946 6.770163434881695
0.062645 6.770163434881695
0.065054 6.770163434881695
0.063548 6.770163434881695
0.063247 6.770163434881695
0.063247 6.770163434881695
0.062946 6.770163434881695
0.062946 6.770163434881695
0.062644 6.770163434881695
0.062946 6.770163434881695
0.06415 6.770163434881695
0.062645 6.770163434881695
0.063247 6.770163434881695
0.062343 6.770163434881695
0.062946 6.770163434881695
0.064451 6.770163434881695
0.064451 6.770163434881695
0.063548 6.770163434881695
0.064451 6.770163434881695
0.06385 6.770163434881695
0.062644 6.770163434881695
0.062644 6.770163434881695
0.062344 6.770163434881695
0.062343 6.770163434881695
0.062343 6.770163434881695
0.062343 6.770163434881695
0.065657 6.770163434881695
0.062645 6.770163434881695
0.062343 6.770163434881695
0.062344 6.770163434881695
0.062645 6.770163434881695
0.062645 6.770163434881695
0.062645 6.770163434881695
0.062644 6.770163434881695
0.064452 6.770163434881695
0.062645 6.770163434881695
0.062946 6.770163434881695
0.062645 6.770163434881695
0.062042 6.770163434881695
0.062343 6.770163434881695
0.062042 6.770163434881695
0.062645 6.770163434881695
0.064151 6.770163434881695
0.062645 6.770163434881695
0.062344 6.770163434881695
0.062043 6.770163434881695
0.062645 6.770163434881695
0.062645 6.770163434881695
0.062645 6.770163434881695
0.062344 6.770163434881695
0.06385 6.770163434881695
0.062946 6.770163434881695
-
