10
0.596029 14.01139496425904
0.497845 14.01139496425904
0.481883 14.01139496425904
0.453573 14.01139496425904
0.402975 14.01139496425904
0.441223 14.01139496425904
0.393337 14.01139496425904
0.424057 14.01139496425904
0.360809 14.01139496425904
0.368037 14.01139496425904
0.350569 14.01139496425904
0.388819 14.01139496425904
0.418635 14.01139496425904
0.340932 14.01139496425904
0.392734 14.01139496425904
0.525253 14.01139496425904
0.379784 14.01139496425904
0.370748 14.01139496425904
0.389421 14.01139496425904
0.391229 14.01139496425904
0.384 14.01139496425904
0.365629 14.01139496425904
0.57073 14.01139496425904
0.382796 14.01139496425904
0.377374 14.01139496425904
0.355991 14.01139496425904
0.337619 14.01139496425904
0.320452 14.01139496425904
0.310814 14.01139496425904
0.321958 14.01139496425904
0.290335 14.01139496425904
0.280997 14.01139496425904
0.29184 14.01139496425904
0.270758 14.01139496425904
0.269855 14.01139496425904
0.269252 14.01139496425904
0.316536 14.01139496425904
0.270457 14.01139496425904
0.268349 14.01139496425904
0.266843 14.01139496425904
0.290937 14.01139496425904
0.319849 14.01139496425904
0.305694 14.01139496425904
0.291841 14.01139496425904
0.306597 14.01139496425904
0.332198 14.01139496425904
0.375567 14.01139496425904
0.302683 14.01139496425904
0.515614 14.01139496425904
0.256603 14.01139496425904
0.152094 14.01139496425904
0.153601 14.01139496425904
0.157214 14.01139496425904
0.155709 14.01139496425904
0.156913 14.01139496425904
0.168358 14.01139496425904
0.154203 14.01139496425904
0.158118 14.01139496425904
0.155106 14.01139496425904
0.1536 14.01139496425904
0.151492 14.01139496425904
0.180405 14.01139496425904
0.151492 14.01139496425904
0.154805 14.01139496425904
0.159624 14.01139496425904
0.164744 14.01139496425904
0.151191 14.01139496425904
0.147878 14.01139496425904
0.147275 14.01139496425904
0.19727 14.01139496425904
0.181007 14.01139496425904
0.155708 14.01139496425904
0.156612 14.01139496425904
0.156612 14.01139496425904
0.151491 14.01139496425904
0.151793 14.01139496425904
0.154504 14.01139496425904
0.153901 14.01139496425904
0.156611 14.01139496425904
0.166852 14.01139496425904
0.157516 14.01139496425904
0.152095 14.01139496425904
0.190043 14.01139496425904
0.167153 14.01139496425904
0.19968 14.01139496425904
0.178297 14.01139496425904
0.176489 14.01139496425904
0.172273 14.01139496425904
0.158118 14.01139496425904
0.151492 14.01139496425904
0.220461 14.01139496425904
0.186729 14.01139496425904
0.196066 14.01139496425904
0.163539 14.01139496425904
0.165045 14.01139496425904
0.179501 14.01139496425904
0.172574 14.01139496425904
0.17408 14.01139496425904
0.180706 14.01139496425904
0.162334 14.01139496425904
-
