1
0.405986 72.62706492009463
0.366833 72.62706492009463
0.354485 72.62706492009463
0.354184 72.62706492009463
0.361111 72.62706492009463
0.362617 72.62706492009463
0.360208 72.62706492009463
0.374061 72.62706492009463
0.374363 72.62706492009463
0.354786 72.62706492009463
0.377675 72.62706492009463
0.358701 72.62706492009463
0.355087 72.62706492009463
0.356593 72.62706492009463
0.368942 72.62706492009463
0.35599 72.62706492009463
0.355087 72.62706492009463
0.591511 72.62706492009463
0.371049 72.62706492009463
0.366833 72.62706492009463
0.364424 72.62706492009463
0.353581 72.62706492009463
0.35328 72.62706492009463
0.352979 72.62706492009463
0.355991 72.62706492009463
0.35328 72.62706492009463
0.351775 72.62706492009463
0.355087 72.62706492009463
0.354485 72.62706492009463
0.379483 72.62706492009463
0.352076 72.62706492009463
0.351774 72.62706492009463
0.364423 72.62706492009463
0.364424 72.62706492009463
0.353582 72.62706492009463
0.351473 72.62706492009463
0.363821 72.62706492009463
0.376471 72.62706492009463
0.364122 72.62706492009463
0.367435 72.62706492009463
0.367436 72.62706492009463
0.352076 72.62706492009463
0.355087 72.62706492009463
0.370447 72.62706492009463
0.367736 72.62706492009463
0.364123 72.62706492009463
0.432791 72.62706492009463
0.368941 72.62706492009463
0.374965 72.62706492009463
0.372254 72.62706492009463
0.364123 72.62706492009463
0.365026 72.62706492009463
0.364123 72.62706492009463
0.355087 72.62706492009463
0.661986 72.62706492009463
0.385807 72.62706492009463
0.36864 72.62706492009463
0.370448 72.62706492009463
0.370748 72.62706492009463
0.352979 72.62706492009463
0.363821 72.62706492009463
0.364123 72.62706492009463
0.365327 72.62706492009463
0.350871 72.62706492009463
0.366532 72.62706492009463
0.351473 72.62706492009463
1.345658 72.62706492009463
0.355991 72.62706492009463
0.352979 72.62706492009463
0.352979 72.62706492009463
0.363822 72.62706492009463
0.366231 72.62706492009463
0.364123 72.62706492009463
0.364122 72.62706492009463
0.363821 72.62706492009463
0.36864 72.62706492009463
0.363822 72.62706492009463
0.363822 72.62706492009463
0.367135 72.62706492009463
0.354485 72.62706492009463
0.374965 72.62706492009463
0.359906 72.62706492009463
0.363821 72.62706492009463
0.357798 72.62706492009463
0.355087 72.62706492009463
0.365327 72.62706492009463
0.352979 72.62706492009463
0.460801 72.62706492009463
0.369242 72.62706492009463
0.359906 72.62706492009463
0.374062 72.62706492009463
0.389422 72.62706492009463
0.360207 72.62706492009463
0.35328 72.62706492009463
0.355389 72.62706492009463
0.355991 72.62706492009463
0.351473 72.62706492009463
0.366231 72.62706492009463
0.356292 72.62706492009463
0.351775 72.62706492009463
-
2
0.361111 61.95960470082378
0.352075 61.95960470082378
0.352076 61.95960470082378
0.355389 61.95960470082378
0.354183 61.95960470082378
0.351172 61.95960470082378
0.349967 61.95960470082378
0.350269 61.95960470082378
0.352377 61.95960470082378
0.354484 61.95960470082378
0.349967 61.95960470082378
0.349667 61.95960470082378
0.350871 61.95960470082378
0.349666 61.95960470082378
0.352076 61.95960470082378
0.350871 61.95960470082378
0.349666 61.95960470082378
0.350268 61.95960470082378
0.364123 61.95960470082378
0.34033 61.95960470082378
0.352377 61.95960470082378
0.352979 61.95960470082378
0.339727 61.95960470082378
0.366833 61.95960470082378
0.340029 61.95960470082378
0.340631 61.95960470082378
0.340631 61.95960470082378
0.339727 61.95960470082378
0.342136 61.95960470082378
0.341234 61.95960470082378
0.340029 61.95960470082378
0.341233 61.95960470082378
0.340329 61.95960470082378
0.342136 61.95960470082378
0.339727 61.95960470082378
0.351473 61.95960470082378
0.351172 61.95960470082378
0.342739 61.95960470082378
0.366231 61.95960470082378
0.36834 61.95960470082378
0.342739 61.95960470082378
0.704452 61.95960470082378
0.420744 61.95960470082378
0.438513 61.95960470082378
0.365328 61.95960470082378
0.464414 61.95960470082378
0.352377 61.95960470082378
0.407492 61.95960470082378
0.344848 61.95960470082378
0.351172 61.95960470082378
0.341233 61.95960470082378
0.345148 61.95960470082378
0.347256 61.95960470082378
0.341233 61.95960470082378
0.342438 61.95960470082378
0.341233 61.95960470082378
0.351774 61.95960470082378
0.457789 61.95960470082378
0.44273 61.95960470082378
0.396951 61.95960470082378
0.409902 61.95960470082378
0.354485 61.95960470082378
0.341233 61.95960470082378
0.342739 61.95960470082378
0.351172 61.95960470082378
0.340932 61.95960470082378
0.34304 61.95960470082378
0.352075 61.95960470082378
0.351774 61.95960470082378
0.34063 61.95960470082378
0.341233 61.95960470082378
0.34304 61.95960470082378
0.341233 61.95960470082378
0.350871 61.95960470082378
0.384001 61.95960470082378
0.354485 61.95960470082378
0.4352 61.95960470082378
0.368038 61.95960470082378
0.34274 61.95960470082378
0.342438 61.95960470082378
0.349967 61.95960470082378
0.34304 61.95960470082378
0.341836 61.95960470082378
0.341233 61.95960470082378
0.340028 61.95960470082378
0.34033 61.95960470082378
0.341535 61.95960470082378
0.340029 61.95960470082378
0.340329 61.95960470082378
0.341233 61.95960470082378
0.343643 61.95960470082378
0.341534 61.95960470082378
0.352376 61.95960470082378
0.355991 61.95960470082378
0.387012 61.95960470082378
0.344847 61.95960470082378
0.353582 61.95960470082378
0.401468 61.95960470082378
0.489412 61.95960470082378
0.370447 61.95960470082378
-
3
0.330692 48.6698377278599
0.326174 48.6698377278599
0.338523 48.6698377278599
0.324669 48.6698377278599
0.351172 48.6698377278599
0.32768 48.6698377278599
0.349365 48.6698377278599
0.324367 48.6698377278599
0.384302 48.6698377278599
0.336113 48.6698377278599
0.323163 48.6698377278599
0.324066 48.6698377278599
0.336113 48.6698377278599
0.33792 48.6698377278599
0.37617 48.6698377278599
0.369243 48.6698377278599
0.347859 48.6698377278599
0.375869 48.6698377278599
0.334005 48.6698377278599
0.338221 48.6698377278599
0.333704 48.6698377278599
0.332801 48.6698377278599
0.334306 48.6698377278599
0.335511 48.6698377278599
0.336716 48.6698377278599
0.3328 48.6698377278599
0.332198 48.6698377278599
0.354184 48.6698377278599
0.336716 48.6698377278599
0.333102 48.6698377278599
0.332198 48.6698377278599
0.334607 48.6698377278599
0.332198 48.6698377278599
0.339427 48.6698377278599
0.348461 48.6698377278599
0.34545 48.6698377278599
0.337619 48.6698377278599
0.379784 48.6698377278599
0.35328 48.6698377278599
0.398758 48.6698377278599
0.326174 48.6698377278599
0.324367 48.6698377278599
0.32527 48.6698377278599
0.329789 48.6698377278599
0.34033 48.6698377278599
0.337016 48.6698377278599
0.341534 48.6698377278599
0.468329 48.6698377278599
0.346654 48.6698377278599
0.337318 48.6698377278599
0.337921 48.6698377278599
0.428876 48.6698377278599
0.327379 48.6698377278599
0.326776 48.6698377278599
0.340028 48.6698377278599
0.326777 48.6698377278599
0.337017 48.6698377278599
0.327681 48.6698377278599
0.337318 48.6698377278599
0.326475 48.6698377278599
0.326476 48.6698377278599
0.336715 48.6698377278599
0.339426 48.6698377278599
0.322862 48.6698377278599
0.338523 48.6698377278599
0.344245 48.6698377278599
0.426165 48.6698377278599
0.374664 48.6698377278599
0.350268 48.6698377278599
0.336114 48.6698377278599
0.3328 48.6698377278599
0.347859 48.6698377278599
0.365628 48.6698377278599
0.347558 48.6698377278599
0.336716 48.6698377278599
0.339728 48.6698377278599
0.329186 48.6698377278599
0.38641 48.6698377278599
0.366833 48.6698377278599
0.400866 48.6698377278599
0.32497 48.6698377278599
0.327981 48.6698377278599
0.325873 48.6698377278599
0.324367 48.6698377278599
0.375567 48.6698377278599
0.396951 48.6698377278599
0.344245 48.6698377278599
0.32497 48.6698377278599
0.582175 48.6698377278599
0.359304 48.6698377278599
0.33792 48.6698377278599
0.336716 48.6698377278599
0.347257 48.6698377278599
0.336415 48.6698377278599
0.35057 48.6698377278599
0.345751 48.6698377278599
0.347257 48.6698377278599
0.345148 48.6698377278599
0.346654 48.6698377278599
0.346654 48.6698377278599
-
4
0.373459 54.51208037505468
0.35057 54.51208037505468
0.338523 54.51208037505468
0.412612 54.51208037505468
0.337619 54.51208037505468
0.342438 54.51208037505468
0.335812 54.51208037505468
0.337318 54.51208037505468
1.594129 54.51208037505468
0.329788 54.51208037505468
0.329788 54.51208037505468
0.32768 54.51208037505468
0.328282 54.51208037505468
0.388518 54.51208037505468
0.432791 54.51208037505468
0.349364 54.51208037505468
0.341233 54.51208037505468
0.332499 54.51208037505468
0.327078 54.51208037505468
0.327379 54.51208037505468
0.414419 54.51208037505468
0.341836 54.51208037505468
0.326475 54.51208037505468
0.447248 54.51208037505468
0.34816 54.51208037505468
0.348161 54.51208037505468
0.346955 54.51208037505468
0.335511 54.51208037505468
0.338824 54.51208037505468
0.346654 54.51208037505468
0.347558 54.51208037505468
0.361111 54.51208037505468
0.365328 54.51208037505468
0.337318 54.51208037505468
0.339727 54.51208037505468
0.338221 54.51208037505468
0.349666 54.51208037505468
0.371652 54.51208037505468
0.327078 54.51208037505468
0.406287 54.51208037505468
0.355689 54.51208037505468
0.330993 54.51208037505468
0.339125 54.51208037505468
0.338824 54.51208037505468
0.352678 54.51208037505468
0.348762 54.51208037505468
0.379181 54.51208037505468
0.338824 54.51208037505468
0.348762 54.51208037505468
0.338523 54.51208037505468
0.327982 54.51208037505468
0.330391 54.51208037505468
0.329487 54.51208037505468
0.358401 54.51208037505468
0.394542 54.51208037505468
0.363821 54.51208037505468
0.350268 54.51208037505468
0.336716 54.51208037505468
0.335812 54.51208037505468
0.336414 54.51208037505468
0.387614 54.51208037505468
0.337619 54.51208037505468
0.337318 54.51208037505468
0.338824 54.51208037505468
0.336715 54.51208037505468
0.339727 54.51208037505468
0.34816 54.51208037505468
0.33792 54.51208037505468
0.335812 54.51208037505468
0.336715 54.51208037505468
0.349063 54.51208037505468
0.363822 54.51208037505468
0.361412 54.51208037505468
0.350871 54.51208037505468
0.336716 54.51208037505468
0.370146 54.51208037505468
0.740895 54.51208037505468
0.366231 54.51208037505468
0.350871 54.51208037505468
0.352076 54.51208037505468
0.360207 54.51208037505468
1.108933 54.51208037505468
0.359605 54.51208037505468
0.359303 54.51208037505468
0.35569 54.51208037505468
0.35057 54.51208037505468
0.340932 54.51208037505468
0.349968 54.51208037505468
0.350871 54.51208037505468
0.352075 54.51208037505468
0.353581 54.51208037505468
0.418334 54.51208037505468
0.394843 54.51208037505468
0.340932 54.51208037505468
0.344546 54.51208037505468
0.34033 54.51208037505468
0.340029 54.51208037505468
0.340631 54.51208037505468
0.341836 54.51208037505468
0.338523 54.51208037505468
-
5
0.356593 63.36595893909346
0.34304 63.36595893909346
0.34063 63.36595893909346
0.341233 63.36595893909346
0.354184 63.36595893909346
0.343944 63.36595893909346
0.342438 63.36595893909346
0.342438 63.36595893909346
0.358701 63.36595893909346
0.36864 63.36595893909346
0.365628 63.36595893909346
0.37617 63.36595893909346
0.344847 63.36595893909346
0.351473 63.36595893909346
0.365026 63.36595893909346
0.372255 63.36595893909346
0.364725 63.36595893909346
0.385807 63.36595893909346
0.36081 63.36595893909346
0.354787 63.36595893909346
0.354485 63.36595893909346
0.360809 63.36595893909346
0.342438 63.36595893909346
0.359605 63.36595893909346
0.355389 63.36595893909346
0.342136 63.36595893909346
0.354183 63.36595893909346
0.356894 63.36595893909346
0.34545 63.36595893909346
0.451765 63.36595893909346
0.360208 63.36595893909346
0.363219 63.36595893909346
0.368038 63.36595893909346
0.358099 63.36595893909346
0.351473 63.36595893909346
0.35328 63.36595893909346
0.352979 63.36595893909346
0.357497 63.36595893909346
0.35328 63.36595893909346
0.35298 63.36595893909346
0.365026 63.36595893909346
0.363219 63.36595893909346
0.35328 63.36595893909346
0.362918 63.36595893909346
0.363821 63.36595893909346
0.366231 63.36595893909346
0.349666 63.36595893909346
2.823833 63.36595893909346
0.367737 63.36595893909346
0.363219 63.36595893909346
0.356292 63.36595893909346
0.36864 63.36595893909346
0.379784 63.36595893909346
0.366833 63.36595893909346
0.353883 63.36595893909346
0.345149 63.36595893909346
0.34033 63.36595893909346
0.341535 63.36595893909346
0.343041 63.36595893909346
0.342739 63.36595893909346
0.342137 63.36595893909346
0.374664 63.36595893909346
0.355991 63.36595893909346
0.359605 63.36595893909346
0.355087 63.36595893909346
0.341534 63.36595893909346
0.341234 63.36595893909346
0.344546 63.36595893909346
0.34033 63.36595893909346
0.353582 63.36595893909346
0.355689 63.36595893909346
0.348763 63.36595893909346
0.344546 63.36595893909346
0.340329 63.36595893909346
0.357798 63.36595893909346
0.366532 63.36595893909346
0.350871 63.36595893909346
0.35328 63.36595893909346
0.481281 63.36595893909346
0.355087 63.36595893909346
0.354485 63.36595893909346
0.409601 63.36595893909346
0.353582 63.36595893909346
0.34033 63.36595893909346
0.354786 63.36595893909346
0.340631 63.36595893909346
0.340028 63.36595893909346
0.340029 63.36595893909346
0.339728 63.36595893909346
0.340028 63.36595893909346
0.34304 63.36595893909346
0.339728 63.36595893909346
0.339426 63.36595893909346
0.339727 63.36595893909346
0.351473 63.36595893909346
0.339426 63.36595893909346
0.339125 63.36595893909346
0.351775 63.36595893909346
0.340029 63.36595893909346
0.352076 63.36595893909346
-
6
1.098693 96.45235156023915
0.714692 96.45235156023915
0.646024 96.45235156023915
0.719812 96.45235156023915
0.562598 96.45235156023915
0.540311 96.45235156023915
0.537901 96.45235156023915
0.663492 96.45235156023915
0.510495 96.45235156023915
0.772217 96.45235156023915
0.561394 96.45235156023915
0.645722 96.45235156023915
0.497544 96.45235156023915
0.528866 96.45235156023915
0.511097 96.45235156023915
0.637892 96.45235156023915
0.513205 96.45235156023915
0.513808 96.45235156023915
0.515012 96.45235156023915
0.636989 96.45235156023915
0.511398 96.45235156023915
0.513507 96.45235156023915
0.509892 96.45235156023915
0.638193 96.45235156023915
0.509591 96.45235156023915
0.511097 96.45235156023915
0.508989 96.45235156023915
0.757158 96.45235156023915
0.531276 96.45235156023915
0.518626 96.45235156023915
0.511097 96.45235156023915
0.64753 96.45235156023915
0.511398 96.45235156023915
0.512603 96.45235156023915
0.602654 96.45235156023915
0.657168 96.45235156023915
0.51682 96.45235156023915
0.521939 96.45235156023915
0.517422 96.45235156023915
0.647229 96.45235156023915
0.518928 96.45235156023915
0.515615 96.45235156023915
0.512904 96.45235156023915
0.643313 96.45235156023915
0.515915 96.45235156023915
0.513507 96.45235156023915
0.509591 96.45235156023915
0.642109 96.45235156023915
0.510193 96.45235156023915
0.515012 96.45235156023915
0.509591 96.45235156023915
0.635483 96.45235156023915
0.511398 96.45235156023915
0.512603 96.45235156023915
0.629459 96.45235156023915
0.657469 96.45235156023915
0.518928 96.45235156023915
0.517723 96.45235156023915
0.520735 96.45235156023915
0.662287 96.45235156023915
0.531878 96.45235156023915
0.535793 96.45235156023915
0.535492 96.45235156023915
0.698128 96.45235156023915
0.505977 96.45235156023915
0.680659 96.45235156023915
0.505374 96.45235156023915
0.681262 96.45235156023915
0.505977 96.45235156023915
1.003521 96.45235156023915
0.532179 96.45235156023915
0.729751 96.45235156023915
0.519831 96.45235156023915
0.701742 96.45235156023915
0.520132 96.45235156023915
0.69873 96.45235156023915
0.521939 96.45235156023915
0.702043 96.45235156023915
0.580067 96.45235156023915
0.74993 96.45235156023915
0.539407 96.45235156023915
0.72162 96.45235156023915
0.541515 96.45235156023915
0.719812 96.45235156023915
0.533082 96.45235156023915
0.719511 96.45235156023915
0.543323 96.45235156023915
0.697826 96.45235156023915
0.510796 96.45235156023915
0.693911 96.45235156023915
0.518325 96.45235156023915
0.869497 96.45235156023915
0.524951 96.45235156023915
0.727944 96.45235156023915
0.512301 96.45235156023915
0.704151 96.45235156023915
0.523746 96.45235156023915
0.707163 96.45235156023915
0.523445 96.45235156023915
0.701441 96.45235156023915
-
7
0.519831 53.62397384114013
0.377676 53.62397384114013
0.361713 53.62397384114013
0.402674 53.62397384114013
0.39695 53.62397384114013
0.377977 53.62397384114013
0.361412 53.62397384114013
0.359304 53.62397384114013
0.363822 53.62397384114013
0.368339 53.62397384114013
0.361412 53.62397384114013
0.360207 53.62397384114013
0.358702 53.62397384114013
0.364725 53.62397384114013
0.375567 53.62397384114013
0.362014 53.62397384114013
0.365628 53.62397384114013
0.36081 53.62397384114013
0.362014 53.62397384114013
0.358701 53.62397384114013
0.359906 53.62397384114013
0.5373 53.62397384114013
0.400264 53.62397384114013
0.365327 53.62397384114013
0.433996 53.62397384114013
0.349967 53.62397384114013
0.349365 53.62397384114013
0.349968 53.62397384114013
0.351172 53.62397384114013
0.352678 53.62397384114013
0.348161 53.62397384114013
0.355087 53.62397384114013
0.349666 53.62397384114013
0.349365 53.62397384114013
0.353882 53.62397384114013
0.350871 53.62397384114013
0.349666 53.62397384114013
0.356292 53.62397384114013
0.35057 53.62397384114013
0.349968 53.62397384114013
0.351474 53.62397384114013
0.375266 53.62397384114013
0.376772 53.62397384114013
0.380386 53.62397384114013
0.362316 53.62397384114013
0.365929 53.62397384114013
0.366833 53.62397384114013
0.365026 53.62397384114013
0.362315 53.62397384114013
0.367736 53.62397384114013
0.359907 53.62397384114013
0.366833 53.62397384114013
0.367435 53.62397384114013
0.367436 53.62397384114013
0.359304 53.62397384114013
0.371953 53.62397384114013
0.362014 53.62397384114013
0.45809 53.62397384114013
0.353883 53.62397384114013
0.355389 53.62397384114013
0.355087 53.62397384114013
0.351473 53.62397384114013
0.348462 53.62397384114013
0.354786 53.62397384114013
0.371954 53.62397384114013
0.354184 53.62397384114013
0.358099 53.62397384114013
0.349967 53.62397384114013
0.350871 53.62397384114013
0.351774 53.62397384114013
0.350871 53.62397384114013
0.350569 53.62397384114013
0.358099 53.62397384114013
0.350871 53.62397384114013
0.349064 53.62397384114013
0.349667 53.62397384114013
0.351473 53.62397384114013
0.355689 53.62397384114013
0.349967 53.62397384114013
0.356593 53.62397384114013
0.361111 53.62397384114013
0.370146 53.62397384114013
0.37135 53.62397384114013
0.373459 53.62397384114013
0.357798 53.62397384114013
0.351774 53.62397384114013
0.351172 53.62397384114013
0.352979 53.62397384114013
0.347256 53.62397384114013
0.352076 53.62397384114013
0.351474 53.62397384114013
0.352979 53.62397384114013
0.354484 53.62397384114013
0.356292 53.62397384114013
0.674335 53.62397384114013
0.453572 53.62397384114013
0.353882 53.62397384114013
0.356292 53.62397384114013
0.356292 53.62397384114013
0.354786 53.62397384114013
-
8
0.349968 34.1071498534062
0.366532 34.1071498534062
0.354485 34.1071498534062
0.346052 34.1071498534062
0.349365 34.1071498534062
0.356593 34.1071498534062
0.355088 34.1071498534062
0.359906 34.1071498534062
0.35328 34.1071498534062
0.349968 34.1071498534062
0.350871 34.1071498534062
0.350268 34.1071498534062
0.348161 34.1071498534062
0.352076 34.1071498534062
0.363219 34.1071498534062
0.350268 34.1071498534062
0.348461 34.1071498534062
0.346654 34.1071498534062
0.349967 34.1071498534062
0.389723 34.1071498534062
0.354184 34.1071498534062
0.347558 34.1071498534062
0.346956 34.1071498534062
0.347257 34.1071498534062
0.346654 34.1071498534062
0.347859 34.1071498534062
0.34545 34.1071498534062
0.347257 34.1071498534062
0.346955 34.1071498534062
0.345149 34.1071498534062
0.474052 34.1071498534062
0.413516 34.1071498534062
0.356593 34.1071498534062
0.350268 34.1071498534062
0.350269 34.1071498534062
0.348161 34.1071498534062
0.349064 34.1071498534062
0.34816 34.1071498534062
0.350569 34.1071498534062
0.354184 34.1071498534062
0.349365 34.1071498534062
0.4096 34.1071498534062
0.370749 34.1071498534062
0.368942 34.1071498534062
0.37105 34.1071498534062
0.352678 34.1071498534062
0.347558 34.1071498534062
0.35328 34.1071498534062
0.356895 34.1071498534062
0.361111 34.1071498534062
0.35057 34.1071498534062
0.356894 34.1071498534062
0.351172 34.1071498534062
0.35328 34.1071498534062
0.353582 34.1071498534062
0.361713 34.1071498534062
0.354184 34.1071498534062
0.347859 34.1071498534062
0.442429 34.1071498534062
0.372856 34.1071498534062
0.372254 34.1071498534062
0.347859 34.1071498534062
0.355087 34.1071498534062
0.352979 34.1071498534062
0.408697 34.1071498534062
0.352377 34.1071498534062
0.35328 34.1071498534062
0.354184 34.1071498534062
0.356594 34.1071498534062
0.350269 34.1071498534062
0.351774 34.1071498534062
0.349063 34.1071498534062
0.354786 34.1071498534062
0.348763 34.1071498534062
0.355991 34.1071498534062
0.352678 34.1071498534062
0.356292 34.1071498534062
0.350268 34.1071498534062
0.34816 34.1071498534062
0.441525 34.1071498534062
0.36352 34.1071498534062
0.359303 34.1071498534062
0.545732 34.1071498534062
0.359304 34.1071498534062
0.357798 34.1071498534062
0.36864 34.1071498534062
0.358099 34.1071498534062
0.364123 34.1071498534062
0.361412 34.1071498534062
0.357798 34.1071498534062
0.357497 34.1071498534062
0.357798 34.1071498534062
0.346955 34.1071498534062
0.423756 34.1071498534062
0.355088 34.1071498534062
0.337619 34.1071498534062
0.336113 34.1071498534062
0.336716 34.1071498534062
0.337317 34.1071498534062
0.337318 34.1071498534062
-
9
0.343341 44.198769273488736
0.345751 44.198769273488736
0.342137 44.198769273488736
0.344245 44.198769273488736
0.340028 44.198769273488736
0.34033 44.198769273488736
0.340631 44.198769273488736
0.340932 44.198769273488736
0.34033 44.198769273488736
0.342137 44.198769273488736
0.338824 44.198769273488736
0.341234 44.198769273488736
0.337921 44.198769273488736
0.339125 44.198769273488736
0.341233 44.198769273488736
0.340631 44.198769273488736
0.611389 44.198769273488736
0.349365 44.198769273488736
0.344847 44.198769273488736
0.357798 44.198769273488736
0.340932 44.198769273488736
0.353281 44.198769273488736
0.365327 44.198769273488736
0.346052 44.198769273488736
0.341234 44.198769273488736
0.341535 44.198769273488736
0.347558 44.198769273488736
0.341535 44.198769273488736
0.348762 44.198769273488736
0.34033 44.198769273488736
0.344245 44.198769273488736
0.340932 44.198769273488736
0.338522 44.198769273488736
0.339727 44.198769273488736
0.337921 44.198769273488736
0.339426 44.198769273488736
0.341535 44.198769273488736
0.340028 44.198769273488736
0.339426 44.198769273488736
0.342137 44.198769273488736
0.362315 44.198769273488736
0.339125 44.198769273488736
0.338221 44.198769273488736
0.337318 44.198769273488736
0.339727 44.198769273488736
0.337619 44.198769273488736
0.338523 44.198769273488736
0.370447 44.198769273488736
0.343041 44.198769273488736
0.346655 44.198769273488736
0.343643 44.198769273488736
0.357797 44.198769273488736
0.379182 44.198769273488736
0.637892 44.198769273488736
0.344546 44.198769273488736
0.342136 44.198769273488736
0.350569 44.198769273488736
0.349967 44.198769273488736
0.339728 44.198769273488736
0.374062 44.198769273488736
0.397854 44.198769273488736
0.34545 44.198769273488736
0.349666 44.198769273488736
0.331294 44.198769273488736
0.330692 44.198769273488736
0.329789 44.198769273488736
0.328885 44.198769273488736
0.329186 44.198769273488736
0.329186 44.198769273488736
0.329487 44.198769273488736
0.328885 44.198769273488736
0.330391 44.198769273488736
0.329789 44.198769273488736
0.328885 44.198769273488736
0.329186 44.198769273488736
0.328885 44.198769273488736
0.328584 44.198769273488736
0.328885 44.198769273488736
0.332198 44.198769273488736
0.328583 44.198769273488736
0.331596 44.198769273488736
0.328583 44.198769273488736
0.328584 44.198769273488736
0.328282 44.198769273488736
0.328584 44.198769273488736
0.329186 44.198769273488736
0.328885 44.198769273488736
0.328885 44.198769273488736
0.331595 44.198769273488736
0.328885 44.198769273488736
0.334908 44.198769273488736
0.329487 44.198769273488736
0.44273 44.198769273488736
0.366532 44.198769273488736
0.337318 44.198769273488736
0.357497 44.198769273488736
0.359304 44.198769273488736
0.323464 44.198769273488736
0.328282 44.198769273488736
0.320452 44.198769273488736
-
10
0.325873 35.6746911828264
0.324668 35.6746911828264
0.323765 35.6746911828264
0.32768 35.6746911828264
0.32256 35.6746911828264
0.322862 35.6746911828264
0.324066 35.6746911828264
0.332198 35.6746911828264
0.322259 35.6746911828264
0.323464 35.6746911828264
0.322259 35.6746911828264
0.321958 35.6746911828264
0.32256 35.6746911828264
0.321958 35.6746911828264
0.322862 35.6746911828264
0.324367 35.6746911828264
0.32256 35.6746911828264
0.322861 35.6746911828264
0.324368 35.6746911828264
0.353581 35.6746911828264
0.342137 35.6746911828264
0.324066 35.6746911828264
0.322861 35.6746911828264
0.325271 35.6746911828264
0.321958 35.6746911828264
0.321957 35.6746911828264
0.32497 35.6746911828264
0.32226 35.6746911828264
0.322861 35.6746911828264
0.32256 35.6746911828264
0.321355 35.6746911828264
0.321958 35.6746911828264
0.323163 35.6746911828264
0.492725 35.6746911828264
0.437308 35.6746911828264
0.337318 35.6746911828264
0.338221 35.6746911828264
0.323464 35.6746911828264
0.323464 35.6746911828264
0.323163 35.6746911828264
0.323163 35.6746911828264
0.322259 35.6746911828264
0.322861 35.6746911828264
0.322861 35.6746911828264
0.32256 35.6746911828264
0.321957 35.6746911828264
0.32226 35.6746911828264
0.322861 35.6746911828264
0.32256 35.6746911828264
0.32256 35.6746911828264
0.323764 35.6746911828264
0.321958 35.6746911828264
0.32256 35.6746911828264
0.322861 35.6746911828264
0.321957 35.6746911828264
0.33009 35.6746911828264
0.322862 35.6746911828264
0.322561 35.6746911828264
0.322259 35.6746911828264
0.322561 35.6746911828264
0.396951 35.6746911828264
0.328282 35.6746911828264
0.388217 35.6746911828264
0.322259 35.6746911828264
0.322862 35.6746911828264
0.327078 35.6746911828264
0.321657 35.6746911828264
0.367435 35.6746911828264
0.324368 35.6746911828264
0.322861 35.6746911828264
0.332499 35.6746911828264
0.326777 35.6746911828264
0.322561 35.6746911828264
0.49122 35.6746911828264
0.36081 35.6746911828264
0.355991 35.6746911828264
0.335209 35.6746911828264
0.332198 35.6746911828264
0.331596 35.6746911828264
0.3325 35.6746911828264
0.333101 35.6746911828264
0.332198 35.6746911828264
0.334608 35.6746911828264
0.339125 35.6746911828264
0.34033 35.6746911828264
0.332198 35.6746911828264
0.332499 35.6746911828264
0.330692 35.6746911828264
0.331294 35.6746911828264
0.331897 35.6746911828264
0.331294 35.6746911828264
0.330692 35.6746911828264
0.334306 35.6746911828264
0.330994 35.6746911828264
0.3328 35.6746911828264
0.333102 35.6746911828264
0.330993 35.6746911828264
0.330692 35.6746911828264
0.332198 35.6746911828264
0.330692 35.6746911828264
-
