1
22.138596 281.0845857847364
22.731613 281.0845857847364
21.767245 281.0845857847364
21.878981 281.0845857847364
21.834407 281.0845857847364
22.089805 281.0845857847364
21.988911 281.0845857847364
21.82748 281.0845857847364
21.551903 281.0845857847364
21.744054 281.0845857847364
21.785616 281.0845857847364
25.489487 281.0845857847364
42.05782 281.0845857847364
22.877984 281.0845857847364
23.102662 281.0845857847364
22.694869 281.0845857847364
22.773777 281.0845857847364
22.567772 281.0845857847364
22.078661 281.0845857847364
22.772271 281.0845857847364
25.57713 281.0845857847364
25.579539 281.0845857847364
24.265204 281.0845857847364
22.570182 281.0845857847364
21.733814 281.0845857847364
22.143113 281.0845857847364
22.829495 281.0845857847364
23.462568 281.0845857847364
22.876479 281.0845857847364
21.894642 281.0845857847364
21.647678 281.0845857847364
22.006981 281.0845857847364
21.902172 281.0845857847364
21.880788 281.0845857847364
21.766341 281.0845857847364
22.149438 281.0845857847364
21.593164 281.0845857847364
21.786219 281.0845857847364
21.816637 281.0845857847364
21.343489 281.0845857847364
21.919941 281.0845857847364
21.7558 281.0845857847364
22.088299 281.0845857847364
21.701286 281.0845857847364
22.544582 281.0845857847364
21.844045 281.0845857847364
21.627197 281.0845857847364
22.984299 281.0845857847364
21.58714 281.0845857847364
21.757306 281.0845857847364
23.836629 281.0845857847364
21.680807 281.0845857847364
22.131969 281.0845857847364
21.932591 281.0845857847364
21.850369 281.0845857847364
21.869043 281.0845857847364
21.624186 281.0845857847364
21.8582 281.0845857847364
21.958492 281.0845857847364
21.7302 281.0845857847364
21.39228 281.0845857847364
21.611536 281.0845857847364
21.775075 281.0845857847364
22.113899 281.0845857847364
21.759113 281.0845857847364
21.81212 281.0845857847364
22.468082 281.0845857847364
21.880186 281.0845857847364
21.804892 281.0845857847364
21.77116 281.0845857847364
22.313277 281.0845857847364
21.543771 281.0845857847364
22.650295 281.0845857847364
24.128168 281.0845857847364
22.034991 281.0845857847364
22.42381 281.0845857847364
21.809409 281.0845857847364
21.796157 281.0845857847364
21.765739 281.0845857847364
22.68734 281.0845857847364
21.567564 281.0845857847364
21.928675 281.0845857847364
22.410257 281.0845857847364
21.842539 281.0845857847364
22.493381 281.0845857847364
21.792543 281.0845857847364
22.003066 281.0845857847364
21.76092 281.0845857847364
21.691649 281.0845857847364
21.51004 281.0845857847364
21.968731 281.0845857847364
21.620571 281.0845857847364
22.417485 281.0845857847364
21.985598 281.0845857847364
21.876873 281.0845857847364
22.8822 281.0845857847364
22.340986 281.0845857847364
21.672374 281.0845857847364
21.345297 281.0845857847364
21.861513 281.0845857847364
-
2
21.669363 231.90410448264944
22.430436 231.90410448264944
21.897353 231.90410448264944
22.432544 231.90410448264944
21.901871 231.90410448264944
22.471094 231.90410448264944
21.832299 231.90410448264944
21.742849 231.90410448264944
22.133476 231.90410448264944
21.657315 231.90410448264944
22.158774 231.90410448264944
21.909701 231.90410448264944
22.633128 231.90410448264944
22.011198 231.90410448264944
22.207866 231.90410448264944
22.032882 231.90410448264944
21.740741 231.90410448264944
22.010897 231.90410448264944
21.780195 231.90410448264944
21.710322 231.90410448264944
22.509645 231.90410448264944
22.092817 231.90410448264944
21.609428 231.90410448264944
22.082878 231.90410448264944
21.839828 231.90410448264944
21.68412 231.90410448264944
21.705805 231.90410448264944
21.816035 231.90410448264944
21.733211 231.90410448264944
21.767244 231.90410448264944
22.67469 231.90410448264944
21.69677 231.90410448264944
22.077457 231.90410448264944
22.372308 231.90410448264944
21.716045 231.90410448264944
22.097033 231.90410448264944
21.687433 231.90410448264944
21.657014 231.90410448264944
21.607621 231.90410448264944
22.905994 231.90410448264944
22.246417 231.90410448264944
21.937711 231.90410448264944
21.967527 231.90410448264944
22.114803 231.90410448264944
21.833805 231.90410448264944
22.097334 231.90410448264944
21.657014 231.90410448264944
21.851876 231.90410448264944
21.650388 231.90410448264944
21.666651 231.90410448264944
22.215998 231.90410448264944
21.765738 231.90410448264944
22.693664 231.90410448264944
22.211781 231.90410448264944
22.079866 231.90410448264944
21.814228 231.90410448264944
21.824167 231.90410448264944
21.763028 231.90410448264944
22.051254 231.90410448264944
21.815734 231.90410448264944
23.594483 231.90410448264944
22.782511 231.90410448264944
21.94012 231.90410448264944
22.40333 231.90410448264944
21.78652 231.90410448264944
21.802784 231.90410448264944
21.647678 231.90410448264944
21.821456 231.90410448264944
21.834106 231.90410448264944
21.525701 231.90410448264944
22.187988 231.90410448264944
21.960901 231.90410448264944
22.034388 231.90410448264944
22.227142 231.90410448264944
22.035593 231.90410448264944
22.114201 231.90410448264944
21.827179 231.90410448264944
21.70731 231.90410448264944
21.546181 231.90410448264944
21.656412 231.90410448264944
22.208167 231.90410448264944
22.846963 231.90410448264944
22.527716 231.90410448264944
22.191 231.90410448264944
22.065711 231.90410448264944
22.086491 231.90410448264944
21.87085 231.90410448264944
21.545277 231.90410448264944
21.80188 231.90410448264944
21.684723 231.90410448264944
22.412666 231.90410448264944
22.112092 231.90410448264944
22.088901 231.90410448264944
22.118116 231.90410448264944
21.837419 231.90410448264944
21.696167 231.90410448264944
21.581419 231.90410448264944
21.694661 231.90410448264944
22.09372 231.90410448264944
21.63292 231.90410448264944
-
3
22.167207 302.0306997419426
23.02797 302.0306997419426
22.465373 302.0306997419426
22.199734 302.0306997419426
21.959997 302.0306997419426
21.678398 302.0306997419426
22.015113 302.0306997419426
22.203649 302.0306997419426
21.882294 302.0306997419426
21.753993 302.0306997419426
21.847358 302.0306997419426
22.33677 302.0306997419426
21.693758 302.0306997419426
22.261777 302.0306997419426
21.744958 302.0306997419426
21.880186 302.0306997419426
21.766341 302.0306997419426
21.485945 302.0306997419426
21.631716 302.0306997419426
21.407037 302.0306997419426
22.720469 302.0306997419426
22.934605 302.0306997419426
22.264186 302.0306997419426
21.775678 302.0306997419426
22.055169 302.0306997419426
21.988308 302.0306997419426
21.604308 302.0306997419426
21.902473 302.0306997419426
21.648882 302.0306997419426
21.749776 302.0306997419426
22.423509 302.0306997419426
21.89916 302.0306997419426
22.047941 302.0306997419426
22.043123 302.0306997419426
21.735922 302.0306997419426
21.982586 302.0306997419426
21.509437 302.0306997419426
21.639546 302.0306997419426
21.674181 302.0306997419426
21.860007 302.0306997419426
23.555933 302.0306997419426
21.900063 302.0306997419426
22.116008 302.0306997419426
21.941626 302.0306997419426
22.254548 302.0306997419426
21.856091 302.0306997419426
21.720562 302.0306997419426
22.02204 302.0306997419426
21.595574 302.0306997419426
21.796459 302.0306997419426
22.227142 302.0306997419426
22.524403 302.0306997419426
21.980176 302.0306997419426
22.259066 302.0306997419426
22.088901 302.0306997419426
21.63533 302.0306997419426
21.928374 302.0306997419426
21.997343 302.0306997419426
21.486849 302.0306997419426
23.273429 302.0306997419426
22.37261 302.0306997419426
21.812722 302.0306997419426
22.346408 302.0306997419426
22.077457 302.0306997419426
22.02716 302.0306997419426
22.225033 302.0306997419426
21.714237 302.0306997419426
21.463056 302.0306997419426
21.826576 302.0306997419426
21.885908 302.0306997419426
21.938915 302.0306997419426
22.209974 302.0306997419426
22.304544 302.0306997419426
21.921748 302.0306997419426
21.774172 302.0306997419426
22.41357 302.0306997419426
21.922652 302.0306997419426
21.736826 302.0306997419426
22.506935 302.0306997419426
21.661231 302.0306997419426
21.818144 302.0306997419426
21.916026 302.0306997419426
21.939217 302.0306997419426
21.853683 302.0306997419426
22.079866 302.0306997419426
21.575094 302.0306997419426
21.998247 302.0306997419426
21.547988 302.0306997419426
22.004271 302.0306997419426
27.20499 302.0306997419426
22.311471 302.0306997419426
21.763028 302.0306997419426
22.265994 302.0306997419426
22.240995 302.0306997419426
21.854887 302.0306997419426
21.858501 302.0306997419426
23.195424 302.0306997419426
21.716646 302.0306997419426
21.888017 302.0306997419426
22.31388 302.0306997419426
-
4
21.934398 209.16422514410795
22.790643 209.16422514410795
23.081881 209.16422514410795
23.383962 209.16422514410795
22.857203 209.16422514410795
22.779199 209.16422514410795
22.812629 209.16422514410795
22.854191 209.16422514410795
22.369598 209.16422514410795
22.176845 209.16422514410795
23.590267 209.16422514410795
23.015019 209.16422514410795
22.525307 209.16422514410795
23.402031 209.16422514410795
23.035499 209.16422514410795
22.985505 209.16422514410795
22.286172 209.16422514410795
24.980499 209.16422514410795
23.333363 209.16422514410795
24.358569 209.16422514410795
22.874973 209.16422514410795
23.61918 209.16422514410795
22.969542 209.16422514410795
22.621382 209.16422514410795
23.377034 209.16422514410795
22.350022 209.16422514410795
22.094022 209.16422514410795
22.26268 209.16422514410795
22.974662 209.16422514410795
23.595387 209.16422514410795
23.692366 209.16422514410795
23.190304 209.16422514410795
23.313185 209.16422514410795
22.50061 209.16422514410795
23.00749 209.16422514410795
22.903283 209.16422514410795
22.646982 209.16422514410795
22.756309 209.16422514410795
23.111095 209.16422514410795
22.95599 209.16422514410795
24.016432 209.16422514410795
22.590963 209.16422514410795
23.638154 209.16422514410795
23.547801 209.16422514410795
22.494887 209.16422514410795
23.332761 209.16422514410795
22.20636 209.16422514410795
24.703717 209.16422514410795
23.699896 209.16422514410795
22.894248 209.16422514410795
22.644573 209.16422514410795
22.157871 209.16422514410795
22.13197 209.16422514410795
22.791245 209.16422514410795
22.363574 209.16422514410795
23.127358 209.16422514410795
22.799678 209.16422514410795
23.691764 209.16422514410795
22.550906 209.16422514410795
22.778295 209.16422514410795
23.331556 209.16422514410795
22.379235 209.16422514410795
22.143113 209.16422514410795
24.009505 209.16422514410795
22.289184 209.16422514410795
22.822869 209.16422514410795
22.859312 209.16422514410795
22.431942 209.16422514410795
22.688845 209.16422514410795
22.798474 209.16422514410795
22.728902 209.16422514410795
22.346106 209.16422514410795
21.394086 209.16422514410795
22.565965 209.16422514410795
22.326529 209.16422514410795
22.490972 209.16422514410795
23.369806 209.16422514410795
22.615358 209.16422514410795
22.301231 209.16422514410795
22.344902 209.16422514410795
23.427933 209.16422514410795
21.783207 209.16422514410795
21.888619 209.16422514410795
22.046736 209.16422514410795
21.845249 209.16422514410795
22.296412 209.16422514410795
22.163594 209.16422514410795
22.120826 209.16422514410795
22.032581 209.16422514410795
22.008186 209.16422514410795
21.455226 209.16422514410795
22.072939 209.16422514410795
21.713635 209.16422514410795
21.964515 209.16422514410795
21.652798 209.16422514410795
22.571989 209.16422514410795
22.322313 209.16422514410795
22.482238 209.16422514410795
23.013814 209.16422514410795
21.982887 209.16422514410795
-
5
22.954785 186.17387946727723
22.593071 186.17387946727723
22.304243 186.17387946727723
22.701495 186.17387946727723
22.371104 186.17387946727723
22.095528 186.17387946727723
22.297316 186.17387946727723
22.121729 186.17387946727723
21.950661 186.17387946727723
22.075349 186.17387946727723
22.018727 186.17387946727723
21.822059 186.17387946727723
22.908404 186.17387946727723
22.25485 186.17387946727723
22.313881 186.17387946727723
22.493683 186.17387946727723
22.129259 186.17387946727723
21.999753 186.17387946727723
22.232563 186.17387946727723
21.900967 186.17387946727723
21.707913 186.17387946727723
21.828083 186.17387946727723
21.704901 186.17387946727723
22.05005 186.17387946727723
22.004271 186.17387946727723
21.90699 186.17387946727723
21.646774 186.17387946727723
23.034897 186.17387946727723
22.436158 186.17387946727723
21.700383 186.17387946727723
21.851875 186.17387946727723
21.853983 186.17387946727723
22.019631 186.17387946727723
22.099744 186.17387946727723
21.641052 186.17387946727723
21.665748 186.17387946727723
21.824167 186.17387946727723
21.877475 186.17387946727723
21.633824 186.17387946727723
21.931386 186.17387946727723
21.852477 186.17387946727723
21.553711 186.17387946727723
22.024148 186.17387946727723
23.458653 186.17387946727723
22.642163 186.17387946727723
23.228253 186.17387946727723
23.001768 186.17387946727723
22.767151 186.17387946727723
23.11501 186.17387946727723
22.484045 186.17387946727723
23.328243 186.17387946727723
22.396101 186.17387946727723
21.56636 186.17387946727723
21.968731 186.17387946727723
21.694661 186.17387946727723
21.629908 186.17387946727723
21.644063 186.17387946727723
21.526906 186.17387946727723
22.629213 186.17387946727723
21.928073 186.17387946727723
22.301532 186.17387946727723
23.630023 186.17387946727723
22.634935 186.17387946727723
21.785014 186.17387946727723
22.906897 186.17387946727723
22.347913 186.17387946727723
22.300026 186.17387946727723
23.001768 186.17387946727723
22.465974 186.17387946727723
21.905184 186.17387946727723
21.756402 186.17387946727723
23.581232 186.17387946727723
23.053269 186.17387946727723
24.142625 186.17387946727723
22.868648 186.17387946727723
22.770766 186.17387946727723
23.429439 186.17387946727723
22.343396 186.17387946727723
23.006285 186.17387946727723
22.970144 186.17387946727723
22.867443 186.17387946727723
23.151754 186.17387946727723
22.777391 186.17387946727723
22.934003 186.17387946727723
23.256262 186.17387946727723
22.834314 186.17387946727723
23.138502 186.17387946727723
23.029175 186.17387946727723
23.68845 186.17387946727723
23.078869 186.17387946727723
23.2403 186.17387946727723
22.853891 186.17387946727723
22.232262 186.17387946727723
22.738238 186.17387946727723
22.393693 186.17387946727723
22.413268 186.17387946727723
22.886417 186.17387946727723
22.69788 186.17387946727723
22.871057 186.17387946727723
22.795763 186.17387946727723
-
6
22.185579 261.70488536131063
22.511151 261.70488536131063
23.711039 261.70488536131063
22.087998 261.70488536131063
22.058784 261.70488536131063
21.700985 261.70488536131063
21.731104 261.70488536131063
21.749174 261.70488536131063
21.972647 261.70488536131063
21.93741 261.70488536131063
21.66876 261.70488536131063
22.040111 261.70488536131063
21.780195 261.70488536131063
21.834407 261.70488536131063
21.645268 261.70488536131063
21.718755 261.70488536131063
22.902079 261.70488536131063
22.385861 261.70488536131063
21.723875 261.70488536131063
22.109984 261.70488536131063
21.641955 261.70488536131063
21.716948 261.70488536131063
21.818144 261.70488536131063
21.63292 261.70488536131063
21.874764 261.70488536131063
22.194916 261.70488536131063
21.562746 261.70488536131063
21.525701 261.70488536131063
21.716948 261.70488536131063
22.27533 261.70488536131063
23.257166 261.70488536131063
21.859103 261.70488536131063
22.334059 261.70488536131063
21.538651 261.70488536131063
21.87627 261.70488536131063
21.529616 261.70488536131063
21.753992 261.70488536131063
21.785917 261.70488536131063
21.684422 261.70488536131063
21.880487 261.70488536131063
21.812421 261.70488536131063
21.8326 261.70488536131063
21.436854 261.70488536131063
22.391584 261.70488536131063
22.868949 261.70488536131063
21.733211 261.70488536131063
21.724779 261.70488536131063
21.773268 261.70488536131063
21.457033 261.70488536131063
22.037099 261.70488536131063
22.504526 261.70488536131063
21.860309 261.70488536131063
21.717551 261.70488536131063
21.560939 261.70488536131063
22.093419 261.70488536131063
21.636534 261.70488536131063
21.80941 261.70488536131063
21.533231 261.70488536131063
22.706314 261.70488536131063
21.916025 261.70488536131063
21.821758 261.70488536131063
21.681409 261.70488536131063
21.460948 261.70488536131063
22.353335 261.70488536131063
21.931989 261.70488536131063
21.477513 261.70488536131063
22.158172 261.70488536131063
22.452121 261.70488536131063
22.263885 261.70488536131063
22.71806 261.70488536131063
22.448506 261.70488536131063
23.004177 261.70488536131063
22.237382 261.70488536131063
22.300327 261.70488536131063
22.087697 261.70488536131063
21.986802 261.70488536131063
22.226539 261.70488536131063
22.779801 261.70488536131063
22.322915 261.70488536131063
22.305147 261.70488536131063
22.174436 261.70488536131063
22.513259 261.70488536131063
22.049146 261.70488536131063
22.235574 261.70488536131063
22.949966 261.70488536131063
22.013005 261.70488536131063
22.786427 261.70488536131063
22.859612 261.70488536131063
22.394596 261.70488536131063
22.068121 261.70488536131063
22.193108 261.70488536131063
22.397608 261.70488536131063
22.143414 261.70488536131063
21.858802 261.70488536131063
22.252742 261.70488536131063
22.563556 261.70488536131063
22.456036 261.70488536131063
23.141514 261.70488536131063
22.771066 261.70488536131063
21.742849 261.70488536131063
-
7
22.460854 336.6569781408738
22.746672 336.6569781408738
22.413569 336.6569781408738
22.369598 336.6569781408738
22.753297 336.6569781408738
22.072337 336.6569781408738
22.87708 336.6569781408738
23.224639 336.6569781408738
21.997344 336.6569781408738
22.475914 336.6569781408738
23.256563 336.6569781408738
22.324121 336.6569781408738
22.667161 336.6569781408738
22.097034 336.6569781408738
22.50061 336.6569781408738
22.407245 336.6569781408738
22.002163 336.6569781408738
22.620177 336.6569781408738
22.055471 336.6569781408738
22.173532 336.6569781408738
22.371706 336.6569781408738
22.468685 336.6569781408738
23.840243 336.6569781408738
22.595179 336.6569781408738
22.249729 336.6569781408738
22.219311 336.6569781408738
22.506333 336.6569781408738
22.184676 336.6569781408738
22.433146 336.6569781408738
22.315989 336.6569781408738
22.154256 336.6569781408738
22.281052 336.6569781408738
22.254247 336.6569781408738
22.091612 336.6569781408738
23.594784 336.6569781408738
22.381645 336.6569781408738
21.640148 336.6569781408738
21.824167 336.6569781408738
21.812723 336.6569781408738
21.624788 336.6569781408738
21.737127 336.6569781408738
21.761823 336.6569781408738
21.747969 336.6569781408738
22.623791 336.6569781408738
22.646379 336.6569781408738
22.308459 336.6569781408738
25.128076 336.6569781408738
22.321409 336.6569781408738
21.680205 336.6569781408738
22.223226 336.6569781408738
21.85308 336.6569781408738
21.737428 336.6569781408738
22.576807 336.6569781408738
22.583132 336.6569781408738
21.992826 336.6569781408738
22.493984 336.6569781408738
21.96572 336.6569781408738
22.013608 336.6569781408738
23.257166 336.6569781408738
22.016017 336.6569781408738
21.589851 336.6569781408738
21.90669 336.6569781408738
21.860911 336.6569781408738
22.000054 336.6569781408738
21.994934 336.6569781408738
22.576507 336.6569781408738
22.700893 336.6569781408738
23.045438 336.6569781408738
22.873166 336.6569781408738
21.665447 336.6569781408738
22.829494 336.6569781408738
21.7814 336.6569781408738
22.302134 336.6569781408738
22.805702 336.6569781408738
22.098237 336.6569781408738
22.483744 336.6569781408738
22.354539 336.6569781408738
22.347311 336.6569781408738
22.099141 336.6569781408738
22.224129 336.6569781408738
21.839226 336.6569781408738
23.462569 336.6569781408738
22.18588 336.6569781408738
22.272619 336.6569781408738
22.297918 336.6569781408738
22.403029 336.6569781408738
22.109984 336.6569781408738
22.286774 336.6569781408738
22.209071 336.6569781408738
21.938313 336.6569781408738
22.169616 336.6569781408738
22.538257 336.6569781408738
23.416488 336.6569781408738
23.510455 336.6569781408738
22.500911 336.6569781408738
22.778595 336.6569781408738
23.397514 336.6569781408738
22.79245 336.6569781408738
22.619274 336.6569781408738
22.864732 336.6569781408738
-
8
23.038813 256.36913951038014
26.992359 256.36913951038014
23.015321 256.36913951038014
23.625204 256.36913951038014
22.273522 256.36913951038014
22.503922 256.36913951038014
22.410558 256.36913951038014
22.241296 256.36913951038014
22.528619 256.36913951038014
21.72508 256.36913951038014
21.5766 256.36913951038014
21.72508 256.36913951038014
21.821155 256.36913951038014
22.423509 256.36913951038014
21.640148 256.36913951038014
23.159886 256.36913951038014
21.510039 256.36913951038014
21.743452 256.36913951038014
21.885607 256.36913951038014
21.539555 256.36913951038014
21.94283 256.36913951038014
21.770558 256.36913951038014
21.930181 256.36913951038014
21.79917 256.36913951038014
22.681316 256.36913951038014
21.577202 256.36913951038014
21.835311 256.36913951038014
21.64587 256.36913951038014
21.445588 256.36913951038014
21.637739 256.36913951038014
21.618463 256.36913951038014
22.207866 256.36913951038014
21.89163 256.36913951038014
21.724779 256.36913951038014
21.617259 256.36913951038014
22.820761 256.36913951038014
21.494379 256.36913951038014
21.674783 256.36913951038014
22.162689 256.36913951038014
21.40764 256.36913951038014
21.732911 256.36913951038014
22.321109 256.36913951038014
21.587442 256.36913951038014
22.271414 256.36913951038014
21.926567 256.36913951038014
21.883499 256.36913951038014
23.084893 256.36913951038014
21.881089 256.36913951038014
21.973852 256.36913951038014
21.84284 256.36913951038014
21.372703 256.36913951038014
21.803988 256.36913951038014
21.768449 256.36913951038014
21.619668 256.36913951038014
21.584732 256.36913951038014
21.613343 256.36913951038014
21.612741 256.36913951038014
22.697278 256.36913951038014
23.167717 256.36913951038014
22.56476 256.36913951038014
21.820553 256.36913951038014
21.975357 256.36913951038014
21.440769 256.36913951038014
21.816939 256.36913951038014
21.916327 256.36913951038014
22.131969 256.36913951038014
22.088901 256.36913951038014
22.203649 256.36913951038014
22.66204 256.36913951038014
22.055772 256.36913951038014
22.12203 256.36913951038014
22.343095 256.36913951038014
21.616957 256.36913951038014
21.793447 256.36913951038014
21.532327 256.36913951038014
21.974454 256.36913951038014
22.145221 256.36913951038014
21.942228 256.36913951038014
22.584035 256.36913951038014
21.650689 256.36913951038014
21.547687 256.36913951038014
21.768148 256.36913951038014
21.736223 256.36913951038014
22.79004 256.36913951038014
23.350831 256.36913951038014
23.247227 256.36913951038014
23.625806 256.36913951038014
22.128355 256.36913951038014
22.746069 256.36913951038014
23.014417 256.36913951038014
21.665748 256.36913951038014
22.183772 256.36913951038014
21.64587 256.36913951038014
21.514859 256.36913951038014
21.692252 256.36913951038014
21.672073 256.36913951038014
21.584732 256.36913951038014
22.198228 256.36913951038014
21.82477 256.36913951038014
21.475104 256.36913951038014
-
9
22.122634 237.86686976420805
21.811216 237.86686976420805
21.820854 237.86686976420805
22.072337 237.86686976420805
23.47823 237.86686976420805
23.100855 237.86686976420805
22.394295 237.86686976420805
22.510248 237.86686976420805
21.713033 237.86686976420805
21.652195 237.86686976420805
22.32412 237.86686976420805
23.144826 237.86686976420805
21.634426 237.86686976420805
21.579913 237.86686976420805
21.281146 237.86686976420805
21.26699 237.86686976420805
21.429024 237.86686976420805
21.471489 237.86686976420805
21.589551 237.86686976420805
22.297617 237.86686976420805
22.795462 237.86686976420805
23.419801 237.86686976420805
23.929392 237.86686976420805
23.392394 237.86686976420805
22.632525 237.86686976420805
21.672073 237.86686976420805
21.587442 237.86686976420805
21.604609 237.86686976420805
22.382248 237.86686976420805
22.397908 237.86686976420805
21.538049 237.86686976420805
21.920543 237.86686976420805
22.695773 237.86686976420805
21.437456 237.86686976420805
21.416675 237.86686976420805
22.017523 237.86686976420805
21.674482 237.86686976420805
21.624186 237.86686976420805
21.913917 237.86686976420805
22.81564 237.86686976420805
23.618276 237.86686976420805
21.851574 237.86686976420805
21.334453 237.86686976420805
22.956291 237.86686976420805
21.684722 237.86686976420805
21.739536 237.86686976420805
22.001861 237.86686976420805
21.642256 237.86686976420805
21.813927 237.86686976420805
23.069532 237.86686976420805
22.81293 237.86686976420805
22.158172 237.86686976420805
21.504318 237.86686976420805
22.142812 237.86686976420805
23.253853 237.86686976420805
22.924667 237.86686976420805
22.965025 237.86686976420805
21.992223 237.86686976420805
21.627197 237.86686976420805
22.160582 237.86686976420805
21.664242 237.86686976420805
23.756517 237.86686976420805
23.087604 237.86686976420805
22.002463 237.86686976420805
21.696468 237.86686976420805
23.277043 237.86686976420805
22.738841 237.86686976420805
21.865128 237.86686976420805
21.323611 237.86686976420805
22.195217 237.86686976420805
22.830398 237.86686976420805
22.785825 237.86686976420805
23.150549 237.86686976420805
22.143414 237.86686976420805
22.455433 237.86686976420805
22.456337 237.86686976420805
21.537748 237.86686976420805
22.219311 237.86686976420805
21.16188 237.86686976420805
22.37532 237.86686976420805
21.650087 237.86686976420805
22.098539 237.86686976420805
21.651893 237.86686976420805
21.635329 237.86686976420805
21.235366 237.86686976420805
21.577202 237.86686976420805
22.711133 237.86686976420805
21.117305 237.86686976420805
22.921354 237.86686976420805
22.075349 237.86686976420805
22.944243 237.86686976420805
22.230153 237.86686976420805
21.760619 237.86686976420805
21.849465 237.86686976420805
21.697974 237.86686976420805
21.73773 237.86686976420805
21.398604 237.86686976420805
22.708422 237.86686976420805
21.944035 237.86686976420805
21.181155 237.86686976420805
-
10
21.782906 145.08075311188418
22.043725 145.08075311188418
21.826276 145.08075311188418
21.901269 145.08075311188418
21.86603 145.08075311188418
21.635631 145.08075311188418
22.135885 145.08075311188418
21.557927 145.08075311188418
23.550813 145.08075311188418
21.910304 145.08075311188418
21.96572 145.08075311188418
22.05788 145.08075311188418
23.19422 145.08075311188418
21.630209 145.08075311188418
21.600393 145.08075311188418
21.98379 145.08075311188418
21.408543 145.08075311188418
21.721766 145.08075311188418
22.087998 145.08075311188418
23.495095 145.08075311188418
23.923971 145.08075311188418
23.617071 145.08075311188418
23.612253 145.08075311188418
22.843952 145.08075311188418
22.157269 145.08075311188418
22.169917 145.08075311188418
21.507932 145.08075311188418
21.838322 145.08075311188418
21.581719 145.08075311188418
23.498107 145.08075311188418
22.937316 145.08075311188418
22.812026 145.08075311188418
23.212592 145.08075311188418
22.659933 145.08075311188418
22.385862 145.08075311188418
21.864826 145.08075311188418
22.063301 145.08075311188418
22.219009 145.08075311188418
21.915725 145.08075311188418
22.060591 145.08075311188418
23.216206 145.08075311188418
21.714539 145.08075311188418
21.775979 145.08075311188418
22.131669 145.08075311188418
21.603706 145.08075311188418
21.688939 145.08075311188418
21.777184 145.08075311188418
21.885908 145.08075311188418
21.730802 145.08075311188418
22.342492 145.08075311188418
22.280149 145.08075311188418
23.068027 145.08075311188418
22.827687 145.08075311188418
22.434953 145.08075311188418
22.571989 145.08075311188418
22.169015 145.08075311188418
22.217503 145.08075311188418
22.006982 145.08075311188418
21.953673 145.08075311188418
21.86573 145.08075311188418
22.058784 145.08075311188418
22.786728 145.08075311188418
23.157778 145.08075311188418
21.883198 145.08075311188418
22.491273 145.08075311188418
21.887113 145.08075311188418
21.828684 145.08075311188418
21.823263 145.08075311188418
22.561749 145.08075311188418
21.706106 145.08075311188418
22.443989 145.08075311188418
21.948553 145.08075311188418
21.779593 145.08075311188418
22.865034 145.08075311188418
22.512055 145.08075311188418
21.806999 145.08075311188418
22.013909 145.08075311188418
21.406134 145.08075311188418
22.20636 145.08075311188418
22.476515 145.08075311188418
22.000355 145.08075311188418
21.995838 145.08075311188418
22.262981 145.08075311188418
21.537447 145.08075311188418
21.800676 145.08075311188418
21.607621 145.08075311188418
21.782303 145.08075311188418
21.64828 145.08075311188418
22.391885 145.08075311188418
22.15004 145.08075311188418
22.050351 145.08075311188418
21.941927 145.08075311188418
22.130765 145.08075311188418
21.830793 145.08075311188418
22.99996 145.08075311188418
21.803988 145.08075311188418
21.75068 145.08075311188418
21.766642 145.08075311188418
22.458746 145.08075311188418
21.847056 145.08075311188418
-
