10
41806.399101 767.2979842225272
43776.798251 767.2979842225272
36941.48197 767.2979842225272
37552.628218 767.2979842225272
35992.827175 767.2979842225272
30918.634405 767.2979842225272
28459.367047 767.2979842225272
28465.307757 767.2979842225272
29423.457147 767.2979842225272
29256.794396 767.2979842225272
29280.481642 767.2979842225272
37338.305459 767.2979842225272
35617.403495 767.2979842225272
35695.685041 767.2979842225272
28113.488198 767.2979842225272
28608.92507 767.2979842225272
28498.532667 767.2979842225272
28378.675184 767.2979842225272
29002.558496 767.2979842225272
28364.849065 767.2979842225272
28510.996564 767.2979842225272
28368.242122 767.2979842225272
28485.019169 767.2979842225272
28377.086477 767.2979842225272
28513.077092 767.2979842225272
28414.306796 767.2979842225272
28560.647048 767.2979842225272
28439.762251 767.2979842225272
28601.443239 767.2979842225272
28364.053658 767.2979842225272
28415.182317 767.2979842225272
28343.627553 767.2979842225272
28493.171722 767.2979842225272
28342.065651 767.2979842225272
28456.390216 767.2979842225272
28373.109739 767.2979842225272
29182.940147 767.2979842225272
28560.738907 767.2979842225272
28552.131578 767.2979842225272
28341.082308 767.2979842225272
28578.190289 767.2979842225272
28348.250616 767.2979842225272
28464.209968 767.2979842225272
28450.459144 767.2979842225272
28463.369384 767.2979842225272
28451.173535 767.2979842225272
28444.24888 767.2979842225272
28347.188364 767.2979842225272
28422.511753 767.2979842225272
28303.645141 767.2979842225272
28599.817788 767.2979842225272
28344.076608 767.2979842225272
28400.609281 767.2979842225272
28430.123392 767.2979842225272
28707.80379 767.2979842225272
28371.85323 767.2979842225272
28534.362755 767.2979842225272
28358.752346 767.2979842225272
28500.300875 767.2979842225272
28366.362779 767.2979842225272
28530.874828 767.2979842225272
28318.236851 767.2979842225272
28435.578605 767.2979842225272
28349.068009 767.2979842225272
28541.504559 767.2979842225272
28309.550313 767.2979842225272
28503.566233 767.2979842225272
28299.439209 767.2979842225272
28488.909168 767.2979842225272
28678.770958 767.2979842225272
28491.527899 767.2979842225272
28373.24798 767.2979842225272
28512.193741 767.2979842225272
28379.163993 767.2979842225272
28416.99269 767.2979842225272
28370.282896 767.2979842225272
28540.100472 767.2979842225272
28382.66457 767.2979842225272
28553.327551 767.2979842225272
28179.539863 767.2979842225272
28454.373236 767.2979842225272
28399.42174 767.2979842225272
28440.6194 767.2979842225272
28318.447976 767.2979842225272
28498.19053 767.2979842225272
28284.146661 767.2979842225272
28554.959628 767.2979842225272
28376.078137 767.2979842225272
28423.105373 767.2979842225272
28312.614786 767.2979842225272
28529.129509 767.2979842225272
28333.287856 767.2979842225272
28456.139939 767.2979842225272
28333.681795 767.2979842225272
28436.919745 767.2979842225272
28432.368664 767.2979842225272
28519.93338 767.2979842225272
28386.123585 767.2979842225272
28628.358496 767.2979842225272
28422.151245 767.2979842225272
-
