10
3320.831489 369.6165636835575
2496.035008 369.6165636835575
2599.5904 369.6165636835575
2810.838445 369.6165636835575
2464.321102 369.6165636835575
2400.139746 369.6165636835575
2426.236706 369.6165636835575
2304.355015 369.6165636835575
2398.167641 369.6165636835575
2312.266626 369.6165636835575
2264.128049 369.6165636835575
2269.761257 369.6165636835575
2294.049953 369.6165636835575
2288.483907 369.6165636835575
2331.625661 369.6165636835575
2287.05663 369.6165636835575
2319.19881 369.6165636835575
2584.769193 369.6165636835575
2235.645165 369.6165636835575
2303.51413 369.6165636835575
2237.075755 369.6165636835575
2274.529788 369.6165636835575
2233.601983 369.6165636835575
2265.561649 369.6165636835575
2306.147318 369.6165636835575
2227.071268 369.6165636835575
2206.195506 369.6165636835575
2202.71059 369.6165636835575
2199.328978 369.6165636835575
2208.106773 369.6165636835575
2226.965555 369.6165636835575
2249.555012 369.6165636835575
2227.423042 369.6165636835575
2248.146709 369.6165636835575
2189.58019 369.6165636835575
2202.195277 369.6165636835575
2191.383937 369.6165636835575
2205.127232 369.6165636835575
2199.869591 369.6165636835575
2210.119838 369.6165636835575
2179.665151 369.6165636835575
2242.325867 369.6165636835575
2196.150359 369.6165636835575
2229.480079 369.6165636835575
2187.314136 369.6165636835575
2240.070355 369.6165636835575
2201.436914 369.6165636835575
2254.604841 369.6165636835575
2216.342751 369.6165636835575
2179.027561 369.6165636835575
2237.507341 369.6165636835575
2252.445705 369.6165636835575
2192.010084 369.6165636835575
2193.312372 369.6165636835575
2217.048107 369.6165636835575
2200.845704 369.6165636835575
2181.386678 369.6165636835575
2182.373032 369.6165636835575
2232.07321 369.6165636835575
2213.614391 369.6165636835575
2200.60145 369.6165636835575
2179.478121 369.6165636835575
2190.029545 369.6165636835575
2276.694646 369.6165636835575
2171.647226 369.6165636835575
2161.535218 369.6165636835575
2238.242815 369.6165636835575
2213.583973 369.6165636835575
2214.220359 369.6165636835575
2184.227376 369.6165636835575
2182.332673 369.6165636835575
2178.916728 369.6165636835575
2174.081035 369.6165636835575
2164.486749 369.6165636835575
2164.811418 369.6165636835575
2230.786884 369.6165636835575
2223.313787 369.6165636835575
2199.751228 369.6165636835575
2186.059133 369.6165636835575
2179.879891 369.6165636835575
2177.534628 369.6165636835575
2191.585424 369.6165636835575
2163.046222 369.6165636835575
2165.042421 369.6165636835575
2227.380275 369.6165636835575
2218.151016 369.6165636835575
2199.967774 369.6165636835575
2184.812261 369.6165636835575
2177.505113 369.6165636835575
2190.430111 369.6165636835575
2176.680792 369.6165636835575
2178.019522 369.6165636835575
2231.450678 369.6165636835575
2224.547708 369.6165636835575
2228.069668 369.6165636835575
2205.909388 369.6165636835575
2192.805793 369.6165636835575
2191.712822 369.6165636835575
2202.044689 369.6165636835575
2185.905232 369.6165636835575
-
