1
0.337016 35.70955347307889
0.308104 35.70955347307889
0.305092 35.70955347307889
0.308405 35.70955347307889
0.324668 35.70955347307889
0.320452 35.70955347307889
0.321054 35.70955347307889
0.313525 35.70955347307889
0.321657 35.70955347307889
0.312621 35.70955347307889
0.312621 35.70955347307889
0.312019 35.70955347307889
0.312621 35.70955347307889
0.313224 35.70955347307889
0.314428 35.70955347307889
0.31232 35.70955347307889
0.311718 35.70955347307889
0.314429 35.70955347307889
0.314428 35.70955347307889
0.312019 35.70955347307889
0.312621 35.70955347307889
0.319247 35.70955347307889
0.321657 35.70955347307889
0.303285 35.70955347307889
0.302984 35.70955347307889
0.303888 35.70955347307889
0.302683 35.70955347307889
0.303285 35.70955347307889
0.377977 35.70955347307889
0.312019 35.70955347307889
0.305995 35.70955347307889
0.307201 35.70955347307889
0.303888 35.70955347307889
0.304791 35.70955347307889
0.303285 35.70955347307889
0.304188 35.70955347307889
0.30449 35.70955347307889
0.305092 35.70955347307889
0.303586 35.70955347307889
0.303887 35.70955347307889
0.303285 35.70955347307889
0.327981 35.70955347307889
0.306598 35.70955347307889
0.302984 35.70955347307889
0.302682 35.70955347307889
0.302984 35.70955347307889
0.305393 35.70955347307889
0.305996 35.70955347307889
0.302381 35.70955347307889
0.305694 35.70955347307889
0.305694 35.70955347307889
0.303285 35.70955347307889
0.319849 35.70955347307889
0.31232 35.70955347307889
0.327981 35.70955347307889
0.305694 35.70955347307889
0.303284 35.70955347307889
0.302984 35.70955347307889
0.302683 35.70955347307889
0.305995 35.70955347307889
0.304791 35.70955347307889
0.303888 35.70955347307889
0.302984 35.70955347307889
0.303586 35.70955347307889
0.303285 35.70955347307889
0.305393 35.70955347307889
0.305393 35.70955347307889
0.302382 35.70955347307889
0.45026 35.70955347307889
0.371652 35.70955347307889
0.317741 35.70955347307889
0.323162 35.70955347307889
0.303587 35.70955347307889
0.303587 35.70955347307889
0.308103 35.70955347307889
0.303285 35.70955347307889
0.303587 35.70955347307889
0.303285 35.70955347307889
0.306297 35.70955347307889
0.305092 35.70955347307889
0.308103 35.70955347307889
0.303586 35.70955347307889
0.303285 35.70955347307889
0.370447 35.70955347307889
0.307802 35.70955347307889
0.41472 35.70955347307889
0.303887 35.70955347307889
0.302984 35.70955347307889
0.303586 35.70955347307889
0.341233 35.70955347307889
0.304189 35.70955347307889
0.303888 35.70955347307889
0.303887 35.70955347307889
0.306597 35.70955347307889
0.303586 35.70955347307889
0.309911 35.70955347307889
0.303284 35.70955347307889
0.306899 35.70955347307889
0.305092 35.70955347307889
0.303887 35.70955347307889
-
2
0.318946 30.614641388469977
0.31473 30.614641388469977
0.312622 30.614641388469977
0.313224 30.614641388469977
0.31232 30.614641388469977
0.312019 30.614641388469977
0.362316 30.614641388469977
0.318645 30.614641388469977
0.362616 30.614641388469977
0.323163 30.614641388469977
0.326174 30.614641388469977
0.321054 30.614641388469977
0.319247 30.614641388469977
0.313826 30.614641388469977
0.318043 30.614641388469977
0.646928 30.614641388469977
1.068876 30.614641388469977
0.840584 30.614641388469977
0.443031 30.614641388469977
0.315633 30.614641388469977
0.316838 30.614641388469977
0.312622 30.614641388469977
0.312923 30.614641388469977
0.312019 30.614641388469977
0.311718 30.614641388469977
2.154016 30.614641388469977
0.318946 30.614641388469977
0.31473 30.614641388469977
0.312321 30.614641388469977
0.312622 30.614641388469977
0.315633 30.614641388469977
0.315633 30.614641388469977
0.31232 30.614641388469977
0.312019 30.614641388469977
0.312019 30.614641388469977
0.315934 30.614641388469977
0.31232 30.614641388469977
0.316838 30.614641388469977
0.311718 30.614641388469977
0.311718 30.614641388469977
0.312621 30.614641388469977
0.31232 30.614641388469977
0.312019 30.614641388469977
0.312019 30.614641388469977
0.315031 30.614641388469977
0.318645 30.614641388469977
0.317742 30.614641388469977
0.312019 30.614641388469977
0.443633 30.614641388469977
0.327379 30.614641388469977
0.619822 30.614641388469977
0.321657 30.614641388469977
0.323765 30.614641388469977
0.315934 30.614641388469977
0.427671 30.614641388469977
1.329394 30.614641388469977
0.345149 30.614641388469977
0.72192 30.614641388469977
0.326175 30.614641388469977
0.306598 30.614641388469977
0.305996 30.614641388469977
0.30479 30.614641388469977
0.304189 30.614641388469977
0.309308 30.614641388469977
0.304188 30.614641388469977
0.3072 30.614641388469977
0.304791 30.614641388469977
0.303887 30.614641388469977
0.305393 30.614641388469977
0.303586 30.614641388469977
0.304489 30.614641388469977
0.3072 30.614641388469977
0.304189 30.614641388469977
0.305393 30.614641388469977
0.303887 30.614641388469977
0.305694 30.614641388469977
0.343643 30.614641388469977
0.306899 30.614641388469977
0.303887 30.614641388469977
0.304188 30.614641388469977
0.30449 30.614641388469977
0.303586 30.614641388469977
0.304791 30.614641388469977
0.30449 30.614641388469977
0.443934 30.614641388469977
0.351172 30.614641388469977
0.689996 30.614641388469977
0.364424 30.614641388469977
0.317139 30.614641388469977
0.331294 30.614641388469977
0.364424 30.614641388469977
0.315633 30.614641388469977
0.318645 30.614641388469977
0.314428 30.614641388469977
0.313525 30.614641388469977
0.312922 30.614641388469977
0.321958 30.614641388469977
0.31232 30.614641388469977
0.312923 30.614641388469977
0.31232 30.614641388469977
-
3
0.311417 24.158992938004026
0.311718 24.158992938004026
0.307501 24.158992938004026
0.307502 24.158992938004026
0.305996 24.158992938004026
0.306598 24.158992938004026
0.308706 24.158992938004026
0.308405 24.158992938004026
0.305092 24.158992938004026
0.307201 24.158992938004026
0.305393 24.158992938004026
0.305996 24.158992938004026
0.305393 24.158992938004026
0.305694 24.158992938004026
0.308706 24.158992938004026
0.311416 24.158992938004026
0.306598 24.158992938004026
0.305092 24.158992938004026
0.306598 24.158992938004026
0.62946 24.158992938004026
0.34545 24.158992938004026
0.546335 24.158992938004026
0.329487 24.158992938004026
0.308104 24.158992938004026
0.311115 24.158992938004026
0.313827 24.158992938004026
0.399962 24.158992938004026
0.318946 24.158992938004026
0.357496 24.158992938004026
0.316236 24.158992938004026
0.311417 24.158992938004026
0.310212 24.158992938004026
0.313826 24.158992938004026
0.310212 24.158992938004026
0.312621 24.158992938004026
0.309911 24.158992938004026
0.312621 24.158992938004026
0.311116 24.158992938004026
0.310815 24.158992938004026
0.311115 24.158992938004026
0.311718 24.158992938004026
0.309008 24.158992938004026
0.310814 24.158992938004026
0.30961 24.158992938004026
0.31232 24.158992938004026
0.310814 24.158992938004026
0.310212 24.158992938004026
0.309309 24.158992938004026
0.312922 24.158992938004026
0.310513 24.158992938004026
0.310513 24.158992938004026
0.312019 24.158992938004026
0.30991 24.158992938004026
0.31232 24.158992938004026
0.310212 24.158992938004026
0.436706 24.158992938004026
0.323464 24.158992938004026
0.311417 24.158992938004026
0.313826 24.158992938004026
0.326174 24.158992938004026
0.312621 24.158992938004026
0.327379 24.158992938004026
1.524556 24.158992938004026
0.479172 24.158992938004026
0.339728 24.158992938004026
0.346353 24.158992938004026
0.3069 24.158992938004026
0.312019 24.158992938004026
0.307501 24.158992938004026
0.305694 24.158992938004026
0.305695 24.158992938004026
0.305092 24.158992938004026
0.308405 24.158992938004026
0.305092 24.158992938004026
0.304489 24.158992938004026
0.30479 24.158992938004026
0.305092 24.158992938004026
0.30961 24.158992938004026
0.304489 24.158992938004026
0.305695 24.158992938004026
0.30479 24.158992938004026
0.304791 24.158992938004026
0.305996 24.158992938004026
0.309911 24.158992938004026
0.305694 24.158992938004026
0.309308 24.158992938004026
0.310815 24.158992938004026
0.305393 24.158992938004026
0.305695 24.158992938004026
0.304791 24.158992938004026
0.764989 24.158992938004026
0.930033 24.158992938004026
0.32256 24.158992938004026
0.307803 24.158992938004026
0.310513 24.158992938004026
0.305092 24.158992938004026
0.312622 24.158992938004026
0.305996 24.158992938004026
0.305996 24.158992938004026
0.305694 24.158992938004026
-
4
0.325271 26.78102373164713
0.317139 26.78102373164713
0.312019 26.78102373164713
0.311116 26.78102373164713
0.310212 26.78102373164713
0.313224 26.78102373164713
0.310212 26.78102373164713
0.310513 26.78102373164713
0.30961 26.78102373164713
0.309609 26.78102373164713
0.311116 26.78102373164713
0.30961 26.78102373164713
0.310513 26.78102373164713
0.311417 26.78102373164713
0.30961 26.78102373164713
0.311718 26.78102373164713
0.309911 26.78102373164713
0.310212 26.78102373164713
0.31232 26.78102373164713
0.309309 26.78102373164713
0.309309 26.78102373164713
0.30961 26.78102373164713
0.309309 26.78102373164713
0.672528 26.78102373164713
0.356292 26.78102373164713
0.677949 26.78102373164713
0.319247 26.78102373164713
0.313223 26.78102373164713
0.311718 26.78102373164713
0.319248 26.78102373164713
0.309308 26.78102373164713
0.30961 26.78102373164713
0.311417 26.78102373164713
0.311116 26.78102373164713
0.313826 26.78102373164713
0.310513 26.78102373164713
0.314428 26.78102373164713
0.310513 26.78102373164713
0.350269 26.78102373164713
0.32497 26.78102373164713
0.313224 26.78102373164713
0.311718 26.78102373164713
0.311718 26.78102373164713
0.331295 26.78102373164713
0.312019 26.78102373164713
0.314127 26.78102373164713
0.311115 26.78102373164713
0.316838 26.78102373164713
0.312621 26.78102373164713
0.310513 26.78102373164713
0.310212 26.78102373164713
0.30991 26.78102373164713
0.313525 26.78102373164713
0.312622 26.78102373164713
0.321356 26.78102373164713
0.309007 26.78102373164713
0.309911 26.78102373164713
0.311718 26.78102373164713
0.311116 26.78102373164713
0.312019 26.78102373164713
0.310814 26.78102373164713
0.30961 26.78102373164713
0.325873 26.78102373164713
0.310212 26.78102373164713
0.309308 26.78102373164713
0.309007 26.78102373164713
0.309308 26.78102373164713
0.32738 26.78102373164713
0.313524 26.78102373164713
0.311116 26.78102373164713
0.311417 26.78102373164713
0.313525 26.78102373164713
0.476461 26.78102373164713
0.321055 26.78102373164713
0.313826 26.78102373164713
0.425864 26.78102373164713
0.327078 26.78102373164713
0.363822 26.78102373164713
0.305092 26.78102373164713
0.303285 26.78102373164713
0.302984 26.78102373164713
0.326475 26.78102373164713
0.302081 26.78102373164713
0.300574 26.78102373164713
0.30208 26.78102373164713
0.300876 26.78102373164713
0.308405 26.78102373164713
0.300574 26.78102373164713
0.300273 26.78102373164713
0.300875 26.78102373164713
0.301177 26.78102373164713
0.306899 26.78102373164713
0.299972 26.78102373164713
0.301177 26.78102373164713
0.300574 26.78102373164713
0.302381 26.78102373164713
0.301478 26.78102373164713
0.300875 26.78102373164713
0.300876 26.78102373164713
0.300575 26.78102373164713
-
5
0.310212 31.618693755261013
0.303285 31.618693755261013
0.301779 31.618693755261013
0.301779 31.618693755261013
0.301177 31.618693755261013
0.302683 31.618693755261013
0.300875 31.618693755261013
0.300875 31.618693755261013
0.299972 31.618693755261013
0.301477 31.618693755261013
0.458692 31.618693755261013
0.337318 31.618693755261013
0.309911 31.618693755261013
0.301779 31.618693755261013
0.303887 31.618693755261013
0.313224 31.618693755261013
0.311116 31.618693755261013
0.311417 31.618693755261013
0.300876 31.618693755261013
0.305092 31.618693755261013
0.300574 31.618693755261013
0.300574 31.618693755261013
0.323464 31.618693755261013
0.301177 31.618693755261013
0.30449 31.618693755261013
0.300574 31.618693755261013
0.303888 31.618693755261013
0.300273 31.618693755261013
0.299972 31.618693755261013
0.302081 31.618693755261013
0.312621 31.618693755261013
0.30208 31.618693755261013
0.300575 31.618693755261013
0.302984 31.618693755261013
0.303888 31.618693755261013
0.30208 31.618693755261013
0.301779 31.618693755261013
0.301177 31.618693755261013
0.303285 31.618693755261013
0.300876 31.618693755261013
0.300876 31.618693755261013
0.303285 31.618693755261013
0.300274 31.618693755261013
0.301779 31.618693755261013
0.301478 31.618693755261013
0.300574 31.618693755261013
0.302382 31.618693755261013
0.300273 31.618693755261013
0.312622 31.618693755261013
0.301177 31.618693755261013
0.354786 31.618693755261013
0.314429 31.618693755261013
0.311718 31.618693755261013
0.317139 31.618693755261013
0.301478 31.618693755261013
0.300876 31.618693755261013
0.300876 31.618693755261013
0.306598 31.618693755261013
0.321958 31.618693755261013
0.308707 31.618693755261013
0.370448 31.618693755261013
0.301177 31.618693755261013
0.303586 31.618693755261013
0.300875 31.618693755261013
0.303285 31.618693755261013
0.300574 31.618693755261013
0.304189 31.618693755261013
0.304188 31.618693755261013
0.301478 31.618693755261013
0.304489 31.618693755261013
0.300273 31.618693755261013
0.300273 31.618693755261013
0.303285 31.618693755261013
0.305393 31.618693755261013
0.300574 31.618693755261013
0.300273 31.618693755261013
0.301779 31.618693755261013
0.301177 31.618693755261013
0.30208 31.618693755261013
0.301177 31.618693755261013
0.300876 31.618693755261013
0.302983 31.618693755261013
0.301176 31.618693755261013
0.300575 31.618693755261013
0.300876 31.618693755261013
0.301478 31.618693755261013
0.302381 31.618693755261013
0.302683 31.618693755261013
0.301478 31.618693755261013
0.301177 31.618693755261013
0.321054 31.618693755261013
0.314729 31.618693755261013
0.310513 31.618693755261013
0.312621 31.618693755261013
0.310814 31.618693755261013
0.312922 31.618693755261013
0.309008 31.618693755261013
0.309308 31.618693755261013
0.311718 31.618693755261013
0.311718 31.618693755261013
-
6
0.667106 47.957055120328846
0.89841 47.957055120328846
0.603859 47.957055120328846
0.584283 47.957055120328846
0.578259 47.957055120328846
0.704151 47.957055120328846
0.49393 47.957055120328846
0.699935 47.957055120328846
0.454777 47.957055120328846
0.646928 47.957055120328846
0.446043 47.957055120328846
0.646024 47.957055120328846
0.455078 47.957055120328846
0.693007 47.957055120328846
0.442429 47.957055120328846
0.645723 47.957055120328846
0.470739 47.957055120328846
0.655963 47.957055120328846
0.444838 47.957055120328846
0.648735 47.957055120328846
0.443934 47.957055120328846
0.646325 47.957055120328846
0.462908 47.957055120328846
0.6912 47.957055120328846
0.485196 47.957055120328846
0.671323 47.957055120328846
0.453873 47.957055120328846
0.665901 47.957055120328846
0.459295 47.957055120328846
0.672528 47.957055120328846
0.463209 47.957055120328846
0.655661 47.957055120328846
0.449657 47.957055120328846
0.648132 47.957055120328846
0.443332 47.957055120328846
0.645421 47.957055120328846
0.443031 47.957055120328846
0.651747 47.957055120328846
0.446344 47.957055120328846
0.646025 47.957055120328846
0.749629 47.957055120328846
15.809066 47.957055120328846
0.480678 47.957055120328846
0.703248 47.957055120328846
9.328045 47.957055120328846
0.707163 47.957055120328846
0.475558 47.957055120328846
0.687888 47.957055120328846
0.469535 47.957055120328846
0.684575 47.957055120328846
0.459595 47.957055120328846
0.686984 47.957055120328846
0.457789 47.957055120328846
0.683369 47.957055120328846
0.457488 47.957055120328846
0.682466 47.957055120328846
0.457789 47.957055120328846
0.68849 47.957055120328846
0.456885 47.957055120328846
0.683068 47.957055120328846
0.50658 47.957055120328846
0.746617 47.957055120328846
0.512302 47.957055120328846
0.711681 47.957055120328846
0.460801 47.957055120328846
0.74481 47.957055120328846
0.460801 47.957055120328846
0.689695 47.957055120328846
0.457488 47.957055120328846
0.682165 47.957055120328846
0.461101 47.957055120328846
0.682768 47.957055120328846
0.457187 47.957055120328846
0.681262 47.957055120328846
0.457789 47.957055120328846
0.740292 47.957055120328846
0.457488 47.957055120328846
0.680659 47.957055120328846
0.456282 47.957055120328846
0.68066 47.957055120328846
0.457186 47.957055120328846
0.864979 47.957055120328846
0.534589 47.957055120328846
0.965874 47.957055120328846
0.498147 47.957055120328846
0.697224 47.957055120328846
0.462909 47.957055120328846
0.688188 47.957055120328846
0.45809 47.957055120328846
0.69361 47.957055120328846
0.457788 47.957055120328846
0.685478 47.957055120328846
0.45809 47.957055120328846
0.681562 47.957055120328846
0.457487 47.957055120328846
0.691501 47.957055120328846
0.458391 47.957055120328846
0.694514 47.957055120328846
0.45809 47.957055120328846
0.686382 47.957055120328846
-
7
0.553261 26.65852157403541
0.730956 26.65852157403541
1.748632 26.65852157403541
0.716801 26.65852157403541
1.678759 26.65852157403541
0.733968 26.65852157403541
0.454777 26.65852157403541
0.696019 26.65852157403541
2.701555 26.65852157403541
0.723426 26.65852157403541
0.455077 26.65852157403541
0.701742 26.65852157403541
0.456885 26.65852157403541
0.71409 26.65852157403541
0.452368 26.65852157403541
5.201622 26.65852157403541
0.490015 26.65852157403541
0.714692 26.65852157403541
0.513507 26.65852157403541
0.687586 26.65852157403541
0.450561 26.65852157403541
0.693911 26.65852157403541
0.457187 26.65852157403541
0.683069 26.65852157403541
0.450259 26.65852157403541
0.685177 26.65852157403541
0.449356 26.65852157403541
0.700236 26.65852157403541
0.451163 26.65852157403541
3.367758 26.65852157403541
0.498447 26.65852157403541
0.384001 26.65852157403541
0.329789 26.65852157403541
0.328583 26.65852157403541
0.328584 26.65852157403541
0.329186 26.65852157403541
0.349365 26.65852157403541
0.315935 26.65852157403541
0.312019 26.65852157403541
0.307803 26.65852157403541
0.309308 26.65852157403541
0.310212 26.65852157403541
0.306899 26.65852157403541
0.305996 26.65852157403541
0.306297 26.65852157403541
0.307803 26.65852157403541
0.307803 26.65852157403541
0.3072 26.65852157403541
0.305092 26.65852157403541
0.305394 26.65852157403541
0.307501 26.65852157403541
0.305995 26.65852157403541
0.305393 26.65852157403541
0.305694 26.65852157403541
0.309007 26.65852157403541
0.306296 26.65852157403541
0.305694 26.65852157403541
0.305092 26.65852157403541
0.304791 26.65852157403541
0.304791 26.65852157403541
0.305694 26.65852157403541
0.305694 26.65852157403541
0.305092 26.65852157403541
0.304791 26.65852157403541
0.306296 26.65852157403541
0.304791 26.65852157403541
0.305092 26.65852157403541
0.304791 26.65852157403541
0.305092 26.65852157403541
0.305996 26.65852157403541
0.305996 26.65852157403541
0.305393 26.65852157403541
0.309609 26.65852157403541
0.305092 26.65852157403541
0.307201 26.65852157403541
0.305393 26.65852157403541
0.48128 26.65852157403541
0.321958 26.65852157403541
0.34545 26.65852157403541
0.322259 26.65852157403541
0.319549 26.65852157403541
0.32527 26.65852157403541
0.309007 26.65852157403541
0.343342 26.65852157403541
0.374965 26.65852157403541
0.308103 26.65852157403541
0.305694 26.65852157403541
0.305695 26.65852157403541
0.307803 26.65852157403541
0.306598 26.65852157403541
0.305092 26.65852157403541
0.305092 26.65852157403541
0.305694 26.65852157403541
0.305092 26.65852157403541
0.305092 26.65852157403541
0.305695 26.65852157403541
0.306297 26.65852157403541
0.307802 26.65852157403541
0.308706 26.65852157403541
0.304791 26.65852157403541
-
8
0.312019 16.69079334004027
0.303887 16.69079334004027
0.306598 16.69079334004027
0.302984 16.69079334004027
0.30449 16.69079334004027
0.302381 16.69079334004027
0.300876 16.69079334004027
0.308104 16.69079334004027
0.300876 16.69079334004027
0.301177 16.69079334004027
0.30961 16.69079334004027
0.305092 16.69079334004027
0.305995 16.69079334004027
0.408396 16.69079334004027
0.315332 16.69079334004027
0.305092 16.69079334004027
0.304189 16.69079334004027
0.303887 16.69079334004027
0.382494 16.69079334004027
0.306899 16.69079334004027
0.332499 16.69079334004027
0.30449 16.69079334004027
0.30208 16.69079334004027
0.302382 16.69079334004027
0.342437 16.69079334004027
0.300876 16.69079334004027
0.301176 16.69079334004027
0.300273 16.69079334004027
0.300875 16.69079334004027
0.300575 16.69079334004027
0.305694 16.69079334004027
0.301177 16.69079334004027
0.306899 16.69079334004027
0.300876 16.69079334004027
0.300574 16.69079334004027
0.301779 16.69079334004027
0.300876 16.69079334004027
0.300574 16.69079334004027
0.300875 16.69079334004027
0.301478 16.69079334004027
0.302382 16.69079334004027
0.300575 16.69079334004027
0.300875 16.69079334004027
0.300876 16.69079334004027
0.302381 16.69079334004027
0.300574 16.69079334004027
0.301176 16.69079334004027
0.300876 16.69079334004027
0.301779 16.69079334004027
0.301779 16.69079334004027
0.302984 16.69079334004027
0.302682 16.69079334004027
0.300574 16.69079334004027
0.399962 16.69079334004027
0.321657 16.69079334004027
0.31473 16.69079334004027
0.297261 16.69079334004027
0.293949 16.69079334004027
0.297562 16.69079334004027
0.293346 16.69079334004027
0.293045 16.69079334004027
0.308405 16.69079334004027
0.30208 16.69079334004027
0.314128 16.69079334004027
0.295454 16.69079334004027
0.293647 16.69079334004027
0.292141 16.69079334004027
0.291539 16.69079334004027
0.293948 16.69079334004027
0.293648 16.69079334004027
0.293647 16.69079334004027
0.296057 16.69079334004027
0.292442 16.69079334004027
0.295454 16.69079334004027
0.292744 16.69079334004027
0.296659 16.69079334004027
0.29184 16.69079334004027
0.294249 16.69079334004027
0.293949 16.69079334004027
0.292141 16.69079334004027
0.292744 16.69079334004027
0.291841 16.69079334004027
0.297563 16.69079334004027
0.292142 16.69079334004027
0.294852 16.69079334004027
0.293346 16.69079334004027
0.292744 16.69079334004027
0.295454 16.69079334004027
0.292141 16.69079334004027
0.295154 16.69079334004027
0.292141 16.69079334004027
0.292141 16.69079334004027
0.293949 16.69079334004027
0.293346 16.69079334004027
0.292744 16.69079334004027
0.335812 16.69079334004027
0.303887 16.69079334004027
0.302683 16.69079334004027
0.286419 16.69079334004027
0.286118 16.69079334004027
-
9
0.299972 21.943217602963628
0.301477 21.943217602963628
0.295153 21.943217602963628
0.296057 21.943217602963628
0.307501 21.943217602963628
0.294551 21.943217602963628
0.28913 21.943217602963628
0.291539 21.943217602963628
0.287323 21.943217602963628
0.286419 21.943217602963628
0.28913 21.943217602963628
0.292744 21.943217602963628
0.287022 21.943217602963628
0.287624 21.943217602963628
0.290334 21.943217602963628
0.288226 21.943217602963628
0.286721 21.943217602963628
0.286419 21.943217602963628
0.288528 21.943217602963628
0.286118 21.943217602963628
0.289431 21.943217602963628
0.286419 21.943217602963628
0.285817 21.943217602963628
0.28672 21.943217602963628
0.286118 21.943217602963628
0.286118 21.943217602963628
0.293648 21.943217602963628
0.285515 21.943217602963628
0.287021 21.943217602963628
0.291238 21.943217602963628
0.286118 21.943217602963628
0.28672 21.943217602963628
0.285817 21.943217602963628
0.287624 21.943217602963628
0.287021 21.943217602963628
0.358099 21.943217602963628
0.312621 21.943217602963628
0.303285 21.943217602963628
0.287323 21.943217602963628
0.291238 21.943217602963628
0.287322 21.943217602963628
0.288527 21.943217602963628
0.288829 21.943217602963628
0.288226 21.943217602963628
0.28672 21.943217602963628
1.488415 21.943217602963628
0.303587 21.943217602963628
0.287925 21.943217602963628
0.288528 21.943217602963628
0.288226 21.943217602963628
0.289732 21.943217602963628
0.287022 21.943217602963628
0.285817 21.943217602963628
0.287322 21.943217602963628
0.287624 21.943217602963628
0.286419 21.943217602963628
0.287624 21.943217602963628
0.286118 21.943217602963628
0.290033 21.943217602963628
0.287925 21.943217602963628
0.287624 21.943217602963628
0.285817 21.943217602963628
0.290636 21.943217602963628
0.286419 21.943217602963628
0.290033 21.943217602963628
0.286118 21.943217602963628
0.285816 21.943217602963628
0.292142 21.943217602963628
0.286419 21.943217602963628
0.286118 21.943217602963628
0.286117 21.943217602963628
0.288829 21.943217602963628
0.286419 21.943217602963628
0.290033 21.943217602963628
0.543323 21.943217602963628
0.436103 21.943217602963628
0.289732 21.943217602963628
0.310212 21.943217602963628
0.340028 21.943217602963628
0.555068 21.943217602963628
0.736076 21.943217602963628
0.30961 21.943217602963628
0.334306 21.943217602963628
0.295153 21.943217602963628
0.296057 21.943217602963628
0.315031 21.943217602963628
0.324367 21.943217602963628
0.309007 21.943217602963628
0.304791 21.943217602963628
0.313524 21.943217602963628
0.31503 21.943217602963628
0.295153 21.943217602963628
0.298466 21.943217602963628
0.293949 21.943217602963628
0.294249 21.943217602963628
0.293949 21.943217602963628
0.299069 21.943217602963628
0.296057 21.943217602963628
0.294551 21.943217602963628
0.295455 21.943217602963628
-
