10
199.875915 250.30052212954482
200.252688 250.30052212954482
207.051751 250.30052212954482
196.607546 250.30052212954482
203.001828 250.30052212954482
196.199451 250.30052212954482
202.488623 250.30052212954482
195.836834 250.30052212954482
204.078535 250.30052212954482
203.04851 250.30052212954482
199.353976 250.30052212954482
201.492331 250.30052212954482
204.426394 250.30052212954482
197.098162 250.30052212954482
197.943566 250.30052212954482
200.441224 250.30052212954482
208.122735 250.30052212954482
198.545618 250.30052212954482
226.752623 250.30052212954482
196.803612 250.30052212954482
196.666577 250.30052212954482
196.220835 250.30052212954482
198.148666 250.30052212954482
204.540239 250.30052212954482
200.850825 250.30052212954482
196.475028 250.30052212954482
195.9814 250.30052212954482
195.248637 250.30052212954482
217.983261 250.30052212954482
200.072282 250.30052212954482
201.52787 250.30052212954482
208.157371 250.30052212954482
210.834832 250.30052212954482
200.124085 250.30052212954482
203.022007 250.30052212954482
198.954616 250.30052212954482
204.888098 250.30052212954482
196.985522 250.30052212954482
195.997964 250.30052212954482
198.264922 250.30052212954482
226.130994 250.30052212954482
196.964741 250.30052212954482
195.861832 250.30052212954482
195.657935 250.30052212954482
204.215872 250.30052212954482
195.634143 250.30052212954482
196.617484 250.30052212954482
196.715367 250.30052212954482
209.713249 250.30052212954482
195.726905 250.30052212954482
196.411781 250.30052212954482
196.298238 250.30052212954482
200.153901 250.30052212954482
197.289711 250.30052212954482
197.395122 250.30052212954482
197.765269 250.30052212954482
197.311396 250.30052212954482
196.458162 250.30052212954482
198.355876 250.30052212954482
202.283522 250.30052212954482
196.146445 250.30052212954482
197.711057 250.30052212954482
204.746544 250.30052212954482
196.756327 250.30052212954482
197.554144 250.30052212954482
196.244327 250.30052212954482
198.187519 250.30052212954482
195.993447 250.30052212954482
196.146143 250.30052212954482
201.196575 250.30052212954482
196.836139 250.30052212954482
196.699404 250.30052212954482
201.063756 250.30052212954482
195.758829 250.30052212954482
197.84478 250.30052212954482
200.437308 250.30052212954482
201.304095 250.30052212954482
196.376543 250.30052212954482
199.51631 250.30052212954482
197.883631 250.30052212954482
195.9558 250.30052212954482
198.860347 250.30052212954482
200.212028 250.30052212954482
210.876696 250.30052212954482
196.299442 250.30052212954482
202.268162 250.30052212954482
203.149405 250.30052212954482
200.704452 250.30052212954482
195.191412 250.30052212954482
198.651029 250.30052212954482
196.247037 250.30052212954482
202.817809 250.30052212954482
194.999262 250.30052212954482
196.524722 250.30052212954482
197.96525 250.30052212954482
198.210709 250.30052212954482
200.045176 250.30052212954482
197.703828 250.30052212954482
203.299691 250.30052212954482
195.878397 250.30052212954482
-
