1
21.688336 139.50994009407788
21.693456 139.50994009407788
20.523987 139.50994009407788
20.521578 139.50994009407788
23.199641 139.50994009407788
19.954161 139.50994009407788
21.48444 139.50994009407788
26.35778 139.50994009407788
19.514141 139.50994009407788
19.566546 139.50994009407788
19.902057 139.50994009407788
22.510248 139.50994009407788
20.360749 139.50994009407788
20.013794 139.50994009407788
20.784203 139.50994009407788
20.186669 139.50994009407788
21.21579 139.50994009407788
19.684608 139.50994009407788
20.667949 139.50994009407788
19.609916 139.50994009407788
19.431921 139.50994009407788
19.529201 139.50994009407788
20.341173 139.50994009407788
20.349606 139.50994009407788
19.795742 139.50994009407788
19.544561 139.50994009407788
29.799928 139.50994009407788
20.795649 139.50994009407788
22.513259 139.50994009407788
23.684235 139.50994009407788
24.706127 139.50994009407788
23.909514 139.50994009407788
20.860703 139.50994009407788
20.764326 139.50994009407788
21.037192 139.50994009407788
22.718361 139.50994009407788
20.894133 139.50994009407788
20.601088 139.50994009407788
20.039997 139.50994009407788
19.883686 139.50994009407788
21.214887 139.50994009407788
19.982772 139.50994009407788
20.416468 139.50994009407788
19.615638 139.50994009407788
19.969822 139.50994009407788
19.697859 139.50994009407788
19.560523 139.50994009407788
19.615337 139.50994009407788
19.430114 139.50994009407788
19.564739 139.50994009407788
19.772551 139.50994009407788
21.418482 139.50994009407788
20.092401 139.50994009407788
20.313765 139.50994009407788
19.543657 139.50994009407788
19.97163 139.50994009407788
20.56585 139.50994009407788
19.412645 139.50994009407788
19.726472 139.50994009407788
19.63642 139.50994009407788
19.605699 139.50994009407788
19.558414 139.50994009407788
21.136279 139.50994009407788
19.959281 139.50994009407788
19.793032 139.50994009407788
20.087281 139.50994009407788
19.52137 139.50994009407788
19.64937 139.50994009407788
20.10234 139.50994009407788
19.40873 139.50994009407788
19.454508 139.50994009407788
19.364758 139.50994009407788
19.414151 139.50994009407788
20.400505 139.50994009407788
21.197419 139.50994009407788
19.62377 139.50994009407788
19.567149 139.50994009407788
19.41897 139.50994009407788
19.555403 139.50994009407788
20.430623 139.50994009407788
19.533718 139.50994009407788
19.594857 139.50994009407788
19.830678 139.50994009407788
20.556213 139.50994009407788
19.471074 139.50994009407788
20.060175 139.50994009407788
19.698161 139.50994009407788
19.492457 139.50994009407788
19.842725 139.50994009407788
19.963798 139.50994009407788
19.619252 139.50994009407788
19.301511 139.50994009407788
19.410838 139.50994009407788
19.458725 139.50994009407788
20.530011 139.50994009407788
20.077041 139.50994009407788
19.812608 139.50994009407788
19.610217 139.50994009407788
19.703883 139.50994009407788
19.798151 139.50994009407788
-
2
19.54456 115.5790125486671
20.571573 115.5790125486671
19.687318 115.5790125486671
19.398791 115.5790125486671
19.578293 115.5790125486671
20.295997 115.5790125486671
20.55019 115.5790125486671
20.174923 115.5790125486671
19.657502 115.5790125486671
20.084872 115.5790125486671
19.985784 115.5790125486671
19.573474 115.5790125486671
19.546367 115.5790125486671
19.428607 115.5790125486671
19.667742 115.5790125486671
19.342169 115.5790125486671
20.343582 115.5790125486671
20.18426 115.5790125486671
19.491554 115.5790125486671
20.337559 115.5790125486671
19.579798 115.5790125486671
19.796344 115.5790125486671
19.960184 115.5790125486671
19.594556 115.5790125486671
20.657408 115.5790125486671
19.944523 115.5790125486671
19.449087 115.5790125486671
20.167695 115.5790125486671
21.97596 115.5790125486671
20.977861 115.5790125486671
20.787215 115.5790125486671
21.129955 115.5790125486671
20.45321 115.5790125486671
20.106857 115.5790125486671
20.5529 115.5790125486671
21.526605 115.5790125486671
21.159169 115.5790125486671
22.985806 115.5790125486671
20.895639 115.5790125486671
20.86763 115.5790125486671
20.675479 115.5790125486671
20.620364 115.5790125486671
22.00668 115.5790125486671
20.464957 115.5790125486671
20.517362 115.5790125486671
20.584523 115.5790125486671
20.175526 115.5790125486671
19.629492 115.5790125486671
22.151848 115.5790125486671
19.836702 115.5790125486671
22.645174 115.5790125486671
20.423395 115.5790125486671
20.167394 115.5790125486671
20.263168 115.5790125486671
20.189681 115.5790125486671
19.687319 115.5790125486671
20.074331 115.5790125486671
19.768034 115.5790125486671
20.258048 115.5790125486671
21.0649 115.5790125486671
20.15866 115.5790125486671
19.637323 115.5790125486671
19.990603 115.5790125486671
19.962292 115.5790125486671
19.556608 115.5790125486671
19.604796 115.5790125486671
19.527393 115.5790125486671
19.517154 115.5790125486671
20.136976 115.5790125486671
19.781286 115.5790125486671
20.885399 115.5790125486671
19.735205 115.5790125486671
19.67738 115.5790125486671
19.673765 115.5790125486671
19.727073 115.5790125486671
19.577991 115.5790125486671
19.570161 115.5790125486671
19.584015 115.5790125486671
20.049032 115.5790125486671
19.743639 115.5790125486671
19.694546 115.5790125486671
20.766736 115.5790125486671
19.695149 115.5790125486671
19.774358 115.5790125486671
19.853869 115.5790125486671
19.435535 115.5790125486671
19.532212 115.5790125486671
19.529803 115.5790125486671
19.422584 115.5790125486671
20.106857 115.5790125486671
19.848448 115.5790125486671
21.161277 115.5790125486671
20.02795 115.5790125486671
20.0409 115.5790125486671
19.717737 115.5790125486671
19.435534 115.5790125486671
19.572871 115.5790125486671
19.65449 115.5790125486671
19.777671 115.5790125486671
19.556306 115.5790125486671
-
3
20.491159 150.332423041703
19.939705 150.332423041703
20.745352 150.332423041703
19.609916 150.332423041703
20.011384 150.332423041703
19.773154 150.332423041703
19.500287 150.332423041703
19.549981 150.332423041703
19.701474 150.332423041703
20.391771 150.332423041703
19.648467 150.332423041703
20.175525 150.332423041703
21.011592 150.332423041703
19.727676 150.332423041703
19.667742 150.332423041703
19.646358 150.332423041703
19.621361 150.332423041703
19.844231 150.332423041703
19.521671 150.332423041703
19.468966 150.332423041703
20.377314 150.332423041703
19.821041 150.332423041703
19.631902 150.332423041703
20.619761 150.332423041703
19.660212 150.332423041703
19.658707 150.332423041703
19.635516 150.332423041703
19.39608 150.332423041703
19.479205 150.332423041703
19.583413 150.332423041703
20.021925 150.332423041703
19.860796 150.332423041703
19.996626 150.332423041703
21.069117 150.332423041703
19.701172 150.332423041703
19.632504 150.332423041703
19.601784 150.332423041703
19.737314 150.332423041703
19.486433 150.332423041703
19.593351 150.332423041703
19.612927 150.332423041703
20.18938 150.332423041703
19.871338 150.332423041703
19.799658 150.332423041703
20.249013 150.332423041703
19.666236 150.332423041703
19.614132 150.332423041703
19.813512 150.332423041703
19.652382 150.332423041703
20.89323 150.332423041703
19.591544 150.332423041703
20.246002 150.332423041703
19.810198 150.332423041703
19.777973 150.332423041703
20.523083 150.332423041703
19.837605 150.332423041703
19.679488 150.332423041703
19.706895 150.332423041703
20.118001 150.332423041703
19.428307 150.332423041703
19.604795 150.332423041703
19.723761 150.332423041703
20.280636 150.332423041703
19.869229 150.332423041703
21.035385 150.332423041703
19.990904 150.332423041703
19.760203 150.332423041703
20.104448 150.332423041703
19.482518 150.332423041703
19.357229 150.332423041703
19.43945 150.332423041703
19.686415 150.332423041703
20.470077 150.332423041703
20.400505 150.332423041703
19.927959 150.332423041703
20.542057 150.332423041703
20.291178 150.332423041703
20.508326 150.332423041703
20.122519 150.332423041703
20.322802 150.332423041703
20.422491 150.332423041703
20.214378 150.332423041703
20.095413 150.332423041703
22.390078 150.332423041703
19.875554 150.332423041703
20.656505 150.332423041703
19.763817 150.332423041703
19.777973 150.332423041703
19.74424 150.332423041703
19.67226 150.332423041703
19.414151 150.332423041703
19.458424 150.332423041703
19.558415 150.332423041703
19.941813 150.332423041703
19.770443 150.332423041703
20.865522 150.332423041703
19.666838 150.332423041703
20.059271 150.332423041703
19.646961 150.332423041703
20.714331 150.332423041703
-
4
19.325304 104.44276830975889
19.727978 104.44276830975889
19.543356 104.44276830975889
21.211574 104.44276830975889
19.659912 104.44276830975889
19.703281 104.44276830975889
22.612346 104.44276830975889
19.985483 104.44276830975889
19.570462 104.44276830975889
19.360241 104.44276830975889
19.334942 104.44276830975889
19.392768 104.44276830975889
19.55721 104.44276830975889
20.311357 104.44276830975889
19.658706 104.44276830975889
19.417163 104.44276830975889
20.536637 104.44276830975889
19.990603 104.44276830975889
19.881276 104.44276830975889
19.378613 104.44276830975889
19.390359 104.44276830975889
19.454509 104.44276830975889
19.361144 104.44276830975889
20.242688 104.44276830975889
19.654791 104.44276830975889
19.641239 104.44276830975889
21.04171 104.44276830975889
20.193296 104.44276830975889
19.747553 104.44276830975889
19.393671 104.44276830975889
19.33464 104.44276830975889
19.675573 104.44276830975889
19.506913 104.44276830975889
19.481314 104.44276830975889
19.485229 104.44276830975889
20.185766 104.44276830975889
20.160768 104.44276830975889
20.86492 104.44276830975889
20.127036 104.44276830975889
19.612024 104.44276830975889
19.446377 104.44276830975889
19.506311 104.44276830975889
19.858989 104.44276830975889
19.333134 104.44276830975889
19.527996 104.44276830975889
19.647865 104.44276830975889
19.283742 104.44276830975889
21.008881 104.44276830975889
20.961898 104.44276830975889
19.518961 104.44276830975889
19.894829 104.44276830975889
19.734603 104.44276830975889
19.698763 104.44276830975889
19.868927 104.44276830975889
19.353614 104.44276830975889
19.331628 104.44276830975889
19.403008 104.44276830975889
21.599489 104.44276830975889
20.21498 104.44276830975889
19.946029 104.44276830975889
19.742132 104.44276830975889
19.828872 104.44276830975889
19.776166 104.44276830975889
19.929464 104.44276830975889
19.418668 104.44276830975889
19.27802 104.44276830975889
19.456617 104.44276830975889
19.429812 104.44276830975889
21.063394 104.44276830975889
19.498481 104.44276830975889
19.580401 104.44276830975889
20.01289 104.44276830975889
19.705991 104.44276830975889
20.092702 104.44276830975889
19.612928 104.44276830975889
19.366867 104.44276830975889
19.390358 104.44276830975889
19.435535 104.44276830975889
20.755592 104.44276830975889
20.056561 104.44276830975889
19.577991 104.44276830975889
19.745145 104.44276830975889
19.868627 104.44276830975889
19.994218 104.44276830975889
19.706894 104.44276830975889
19.556608 104.44276830975889
19.518358 104.44276830975889
19.51113 104.44276830975889
20.876364 104.44276830975889
19.417765 104.44276830975889
19.888505 104.44276830975889
19.649972 104.44276830975889
19.545765 104.44276830975889
20.073728 104.44276830975889
19.506913 104.44276830975889
19.663224 104.44276830975889
19.5292 104.44276830975889
19.373492 104.44276830975889
21.355235 104.44276830975889
20.047525 104.44276830975889
-
5
20.144806 92.10951524458345
20.305333 92.10951524458345
20.416166 92.10951524458345
19.643648 92.10951524458345
19.661417 92.10951524458345
20.013192 92.10951524458345
19.993916 92.10951524458345
19.6572 92.10951524458345
19.549379 92.10951524458345
20.814623 92.10951524458345
19.505709 92.10951524458345
20.461342 92.10951524458345
19.901154 92.10951524458345
19.789718 92.10951524458345
19.632203 92.10951524458345
19.924947 92.10951524458345
19.871337 92.10951524458345
19.778273 92.10951524458345
19.581605 92.10951524458345
19.456015 92.10951524458345
20.045718 92.10951524458345
19.627685 92.10951524458345
20.448995 92.10951524458345
19.572872 92.10951524458345
19.766227 92.10951524458345
20.017408 92.10951524458345
20.076439 92.10951524458345
19.765926 92.10951524458345
19.640937 92.10951524458345
19.637624 92.10951524458345
20.417069 92.10951524458345
19.751469 92.10951524458345
19.721653 92.10951524458345
20.131253 92.10951524458345
19.581003 92.10951524458345
19.738217 92.10951524458345
20.093004 92.10951524458345
19.662923 92.10951524458345
19.786707 92.10951524458345
19.777972 92.10951524458345
20.811611 92.10951524458345
19.649671 92.10951524458345
19.549079 92.10951524458345
20.526999 92.10951524458345
19.730387 92.10951524458345
19.943921 92.10951524458345
20.417973 92.10951524458345
20.611027 92.10951524458345
19.700269 92.10951524458345
19.777972 92.10951524458345
19.557812 92.10951524458345
20.416166 92.10951524458345
19.509926 92.10951524458345
21.616054 92.10951524458345
21.481127 92.10951524458345
20.364966 92.10951524458345
20.132458 92.10951524458345
20.189982 92.10951524458345
20.345992 92.10951524458345
20.786312 92.10951524458345
19.765323 92.10951524458345
20.424599 92.10951524458345
19.832787 92.10951524458345
19.761408 92.10951524458345
20.33545 92.10951524458345
19.557813 92.10951524458345
20.048731 92.10951524458345
20.037587 92.10951524458345
20.045116 92.10951524458345
19.984279 92.10951524458345
19.828269 92.10951524458345
21.179347 92.10951524458345
19.656899 92.10951524458345
19.655093 92.10951524458345
19.59034 92.10951524458345
19.535525 92.10951524458345
20.412853 92.10951524458345
20.413154 92.10951524458345
19.905973 92.10951524458345
20.174924 92.10951524458345
20.016806 92.10951524458345
19.938199 92.10951524458345
20.614039 92.10951524458345
19.518057 92.10951524458345
19.914406 92.10951524458345
19.964702 92.10951524458345
19.585822 92.10951524458345
19.837003 92.10951524458345
20.149022 92.10951524458345
20.005662 92.10951524458345
19.785502 92.10951524458345
20.06921 92.10951524458345
21.761823 92.10951524458345
19.79002 92.10951524458345
19.957474 92.10951524458345
19.626179 92.10951524458345
20.67337 92.10951524458345
19.61353 92.10951524458345
20.303526 92.10951524458345
20.13577 92.10951524458345
-
6
19.866217 130.04164303726063
19.811102 130.04164303726063
21.317286 130.04164303726063
19.843328 130.04164303726063
19.585822 130.04164303726063
19.706593 130.04164303726063
19.676777 130.04164303726063
20.192693 130.04164303726063
20.670961 130.04164303726063
19.795139 130.04164303726063
19.83369 130.04164303726063
19.847846 130.04164303726063
19.95657 130.04164303726063
20.294189 130.04164303726063
19.88489 130.04164303726063
19.774659 130.04164303726063
19.579196 130.04164303726063
19.600881 130.04164303726063
20.256843 130.04164303726063
20.161371 130.04164303726063
19.643648 130.04164303726063
19.849051 130.04164303726063
20.436948 130.04164303726063
20.658312 130.04164303726063
19.866518 130.04164303726063
19.564137 130.04164303726063
19.595459 130.04164303726063
19.61353 130.04164303726063
19.993314 130.04164303726063
20.157154 130.04164303726063
19.805078 130.04164303726063
20.158962 130.04164303726063
19.934886 130.04164303726063
21.262171 130.04164303726063
19.638528 130.04164303726063
19.721653 130.04164303726063
19.643949 130.04164303726063
19.968617 130.04164303726063
20.31226 130.04164303726063
19.868627 130.04164303726063
19.729483 130.04164303726063
19.922537 130.04164303726063
19.896034 130.04164303726063
20.16649 130.04164303726063
21.134171 130.04164303726063
19.569859 130.04164303726063
19.542452 130.04164303726063
19.909285 130.04164303726063
19.858086 130.04164303726063
20.155347 130.04164303726063
19.765323 130.04164303726063
19.741831 130.04164303726063
20.236062 130.04164303726063
20.400203 130.04164303726063
20.664336 130.04164303726063
19.672561 130.04164303726063
19.730086 130.04164303726063
19.642142 130.04164303726063
19.713219 130.04164303726063
19.665332 130.04164303726063
20.231545 130.04164303726063
20.29449 130.04164303726063
19.630094 130.04164303726063
20.52218 130.04164303726063
21.997946 130.04164303726063
19.845436 130.04164303726063
19.656598 130.04164303726063
19.561728 130.04164303726063
19.647563 130.04164303726063
19.663526 130.04164303726063
19.58281 130.04164303726063
20.359545 130.04164303726063
19.978255 130.04164303726063
20.006867 130.04164303726063
20.074632 130.04164303726063
20.519168 130.04164303726063
19.922537 130.04164303726063
19.628288 130.04164303726063
19.546367 130.04164303726063
19.678283 130.04164303726063
19.643346 130.04164303726063
20.301418 130.04164303726063
19.72376 130.04164303726063
19.994519 130.04164303726063
20.400504 130.04164303726063
20.841126 130.04164303726063
20.405323 130.04164303726063
19.792731 130.04164303726063
19.794537 130.04164303726063
19.690029 130.04164303726063
20.014999 130.04164303726063
20.392674 130.04164303726063
20.954971 130.04164303726063
21.195612 130.04164303726063
21.112486 130.04164303726063
21.380534 130.04164303726063
20.99834 130.04164303726063
20.618858 130.04164303726063
20.685719 130.04164303726063
20.269493 130.04164303726063
-
7
20.132457 167.50000067103431
19.775865 167.50000067103431
19.907779 167.50000067103431
19.882481 167.50000067103431
19.845134 167.50000067103431
19.991205 167.50000067103431
20.57579 167.50000067103431
19.466255 167.50000067103431
19.65961 167.50000067103431
19.700269 167.50000067103431
19.453304 167.50000067103431
19.886697 167.50000067103431
20.206848 167.50000067103431
19.84905 167.50000067103431
20.182754 167.50000067103431
19.824655 167.50000067103431
20.751978 167.50000067103431
19.619554 167.50000067103431
19.612325 167.50000067103431
20.004457 167.50000067103431
19.568353 167.50000067103431
19.813813 167.50000067103431
20.54778 167.50000067103431
20.092702 167.50000067103431
20.517964 167.50000067103431
20.218895 167.50000067103431
21.503112 167.50000067103431
19.632504 167.50000067103431
19.653888 167.50000067103431
19.888805 167.50000067103431
19.706293 167.50000067103431
19.555704 167.50000067103431
20.091798 167.50000067103431
19.722858 167.50000067103431
19.702377 167.50000067103431
19.951751 167.50000067103431
19.919827 167.50000067103431
20.449596 167.50000067103431
19.814114 167.50000067103431
19.740325 167.50000067103431
19.501793 167.50000067103431
19.640937 167.50000067103431
20.010481 167.50000067103431
20.907385 167.50000067103431
20.075836 167.50000067103431
19.822848 167.50000067103431
20.088486 167.50000067103431
20.782095 167.50000067103431
19.574678 167.50000067103431
19.544861 167.50000067103431
24.053778 167.50000067103431
19.816824 167.50000067103431
19.89483 167.50000067103431
20.42219 167.50000067103431
19.699065 167.50000067103431
19.752373 167.50000067103431
19.86953 167.50000067103431
21.208863 167.50000067103431
20.3225 167.50000067103431
19.820438 167.50000067103431
19.683403 167.50000067103431
19.502697 167.50000067103431
19.691836 167.50000067103431
19.860194 167.50000067103431
19.504203 167.50000067103431
20.495375 167.50000067103431
19.735808 167.50000067103431
19.787911 167.50000067103431
20.691743 167.50000067103431
19.693945 167.50000067103431
19.966208 167.50000067103431
19.822848 167.50000067103431
19.654188 167.50000067103431
19.576184 167.50000067103431
19.621963 167.50000067103431
20.096617 167.50000067103431
19.824956 167.50000067103431
19.887902 167.50000067103431
21.059479 167.50000067103431
19.688824 167.50000067103431
19.852664 167.50000067103431
19.529201 167.50000067103431
19.645454 167.50000067103431
19.640034 167.50000067103431
19.758396 167.50000067103431
20.288467 167.50000067103431
19.831281 167.50000067103431
19.883685 167.50000067103431
21.585033 167.50000067103431
19.902057 167.50000067103431
20.165888 167.50000067103431
19.622264 167.50000067103431
19.938801 167.50000067103431
20.490857 167.50000067103431
19.630697 167.50000067103431
19.943921 167.50000067103431
20.096316 167.50000067103431
20.003253 167.50000067103431
21.735019 167.50000067103431
21.902775 167.50000067103431
-
8
19.70057 127.62184435174315
19.994519 127.62184435174315
19.359638 127.62184435174315
19.377708 127.62184435174315
19.674368 127.62184435174315
19.368071 127.62184435174315
19.567751 127.62184435174315
19.982472 127.62184435174315
19.732194 127.62184435174315
20.483028 127.62184435174315
19.879168 127.62184435174315
19.677982 127.62184435174315
20.032467 127.62184435174315
19.418066 127.62184435174315
19.436137 127.62184435174315
19.43945 127.62184435174315
19.745747 127.62184435174315
19.89754 127.62184435174315
19.995422 127.62184435174315
21.051047 127.62184435174315
19.724364 127.62184435174315
20.050237 127.62184435174315
19.86441 127.62184435174315
19.673465 127.62184435174315
19.700871 127.62184435174315
20.761616 127.62184435174315
19.66473 127.62184435174315
20.081257 127.62184435174315
20.639639 127.62184435174315
19.565643 127.62184435174315
20.59627 127.62184435174315
19.929765 127.62184435174315
19.623469 127.62184435174315
19.939705 127.62184435174315
19.489144 127.62184435174315
19.313859 127.62184435174315
19.531911 127.62184435174315
19.588834 127.62184435174315
19.409332 127.62184435174315
19.676175 127.62184435174315
20.989907 127.62184435174315
19.820138 127.62184435174315
20.929672 127.62184435174315
19.878565 127.62184435174315
19.533116 127.62184435174315
19.747854 127.62184435174315
19.672259 127.62184435174315
19.639431 127.62184435174315
19.730989 127.62184435174315
19.597869 127.62184435174315
21.343188 127.62184435174315
20.411347 127.62184435174315
19.638828 127.62184435174315
19.776467 127.62184435174315
19.652381 127.62184435174315
19.688524 127.62184435174315
19.751469 127.62184435174315
19.358133 127.62184435174315
19.780683 127.62184435174315
19.402706 127.62184435174315
19.752975 127.62184435174315
20.721258 127.62184435174315
19.455111 127.62184435174315
19.99994 127.62184435174315
19.755685 127.62184435174315
19.460833 127.62184435174315
19.757794 127.62184435174315
19.405417 127.62184435174315
19.350603 127.62184435174315
19.457521 127.62184435174315
19.569558 127.62184435174315
21.144713 127.62184435174315
19.734302 127.62184435174315
19.71834 127.62184435174315
19.754481 127.62184435174315
19.558113 127.62184435174315
19.819837 127.62184435174315
19.470471 127.62184435174315
19.464147 127.62184435174315
19.392165 127.62184435174315
19.457219 127.62184435174315
21.535941 127.62184435174315
19.837906 127.62184435174315
20.087884 127.62184435174315
19.577088 127.62184435174315
19.60329 127.62184435174315
20.050537 127.62184435174315
19.72888 127.62184435174315
19.347892 127.62184435174315
19.395779 127.62184435174315
19.514443 127.62184435174315
19.458123 127.62184435174315
20.669757 127.62184435174315
20.168598 127.62184435174315
19.502095 127.62184435174315
20.141493 127.62184435174315
19.612024 127.62184435174315
19.97946 127.62184435174315
19.727977 127.62184435174315
19.49065 127.62184435174315
-
9
19.207845 118.13593183921168
19.25001 118.13593183921168
21.057673 118.13593183921168
19.463544 118.13593183921168
19.542453 118.13593183921168
19.289162 118.13593183921168
19.748457 118.13593183921168
19.661417 118.13593183921168
19.294584 118.13593183921168
19.244287 118.13593183921168
19.23224 118.13593183921168
19.419874 118.13593183921168
20.990811 118.13593183921168
20.126133 118.13593183921168
19.405115 118.13593183921168
19.512034 118.13593183921168
19.71834 118.13593183921168
20.266481 118.13593183921168
19.76984 118.13593183921168
19.512937 118.13593183921168
19.575883 118.13593183921168
19.214772 118.13593183921168
19.945427 118.13593183921168
20.006265 118.13593183921168
19.660213 118.13593183921168
19.415356 118.13593183921168
19.402405 118.13593183921168
19.964702 118.13593183921168
19.534923 118.13593183921168
19.559017 118.13593183921168
19.344579 118.13593183921168
19.305728 118.13593183921168
19.552692 118.13593183921168
20.041502 118.13593183921168
26.087926 118.13593183921168
20.096015 118.13593183921168
19.880071 118.13593183921168
19.711413 118.13593183921168
19.688523 118.13593183921168
19.489747 118.13593183921168
19.479807 118.13593183921168
19.801464 118.13593183921168
20.216787 118.13593183921168
22.382248 118.13593183921168
21.816336 118.13593183921168
20.647168 118.13593183921168
19.769239 118.13593183921168
20.045417 118.13593183921168
19.740627 118.13593183921168
19.750866 118.13593183921168
19.456918 118.13593183921168
19.342471 118.13593183921168
19.334038 118.13593183921168
19.50089 118.13593183921168
19.946632 118.13593183921168
19.805982 118.13593183921168
19.71593 118.13593183921168
20.736016 118.13593183921168
19.799657 118.13593183921168
19.799959 118.13593183921168
20.072222 118.13593183921168
19.893926 118.13593183921168
19.976448 118.13593183921168
19.493662 118.13593183921168
20.202932 118.13593183921168
19.263864 118.13593183921168
19.853267 118.13593183921168
20.412552 118.13593183921168
19.712316 118.13593183921168
20.043008 118.13593183921168
19.922537 118.13593183921168
20.247507 118.13593183921168
19.611723 118.13593183921168
19.376806 118.13593183921168
20.99563 118.13593183921168
19.272899 118.13593183921168
19.302415 118.13593183921168
19.509323 118.13593183921168
19.572269 118.13593183921168
19.430114 118.13593183921168
19.628287 118.13593183921168
19.638227 118.13593183921168
19.41114 118.13593183921168
19.408429 118.13593183921168
19.460834 118.13593183921168
19.963798 118.13593183921168
19.421379 118.13593183921168
19.611723 118.13593183921168
19.658104 118.13593183921168
19.55209 118.13593183921168
19.609314 118.13593183921168
20.303526 118.13593183921168
20.841427 118.13593183921168
19.343374 118.13593183921168
19.762914 118.13593183921168
20.15113 118.13593183921168
19.27561 118.13593183921168
19.279827 118.13593183921168
19.459327 118.13593183921168
19.816825 118.13593183921168
-
