10
0.846005 17.248964044796192
0.748424 17.248964044796192
0.652048 17.248964044796192
0.699332 17.248964044796192
0.626146 17.248964044796192
0.980631 17.248964044796192
0.671624 17.248964044796192
0.598739 17.248964044796192
0.648735 17.248964044796192
0.642711 17.248964044796192
0.578259 17.248964044796192
0.639699 17.248964044796192
0.63488 17.248964044796192
0.574946 17.248964044796192
0.645723 17.248964044796192
0.63488 17.248964044796192
0.574946 17.248964044796192
0.637591 17.248964044796192
0.6144 17.248964044796192
0.550852 17.248964044796192
0.618617 17.248964044796192
0.620424 17.248964044796192
0.551756 17.248964044796192
0.614401 17.248964044796192
0.61169 17.248964044796192
0.561092 17.248964044796192
0.630061 17.248964044796192
1.100198 17.248964044796192
0.592414 17.248964044796192
0.667107 17.248964044796192
0.644819 17.248964044796192
0.564104 17.248964044796192
0.638494 17.248964044796192
0.703549 17.248964044796192
0.998702 17.248964044796192
0.634579 17.248964044796192
0.568019 17.248964044796192
0.626447 17.248964044796192
0.565008 17.248964044796192
0.637892 17.248964044796192
0.555671 17.248964044796192
0.620424 17.248964044796192
0.55296 17.248964044796192
0.607473 17.248964044796192
0.557779 17.248964044796192
0.617713 17.248964044796192
0.561694 17.248964044796192
0.610485 17.248964044796192
0.557177 17.248964044796192
0.615605 17.248964044796192
0.559285 17.248964044796192
0.636989 17.248964044796192
0.563803 17.248964044796192
0.624941 17.248964044796192
0.840584 17.248964044796192
0.63217 17.248964044796192
0.975812 17.248964044796192
0.643013 17.248964044796192
0.577657 17.248964044796192
0.665601 17.248964044796192
0.585186 17.248964044796192
0.639398 17.248964044796192
0.573441 17.248964044796192
0.638796 17.248964044796192
0.578861 17.248964044796192
0.62464 17.248964044796192
0.692104 17.248964044796192
0.63217 17.248964044796192
0.557478 17.248964044796192
0.602956 17.248964044796192
0.565007 17.248964044796192
0.613798 17.248964044796192
0.552961 17.248964044796192
0.642409 17.248964044796192
0.709272 17.248964044796192
0.612895 17.248964044796192
0.540612 17.248964044796192
0.883652 17.248964044796192
0.544828 17.248964044796192
0.590005 17.248964044796192
0.538203 17.248964044796192
0.611991 17.248964044796192
0.546033 17.248964044796192
0.58609 17.248964044796192
0.541215 17.248964044796192
0.589704 17.248964044796192
0.543925 17.248964044796192
0.586993 17.248964044796192
0.543925 17.248964044796192
0.585487 17.248964044796192
0.577657 17.248964044796192
0.595426 17.248964044796192
0.544226 17.248964044796192
0.641205 17.248964044796192
0.544226 17.248964044796192
0.583681 17.248964044796192
0.537299 17.248964044796192
0.733064 17.248964044796192
0.564707 17.248964044796192
0.594221 17.248964044796192
-
