1
201.827239 146.99913868701557
201.810373 146.99913868701557
202.786185 146.99913868701557
199.610277 146.99913868701557
203.977942 146.99913868701557
204.991401 146.99913868701557
198.659462 146.99913868701557
196.984619 146.99913868701557
200.6144 146.99913868701557
203.973424 146.99913868701557
195.198942 146.99913868701557
198.689279 146.99913868701557
196.702417 146.99913868701557
198.268234 146.99913868701557
198.909138 146.99913868701557
196.97739 146.99913868701557
196.07868 146.99913868701557
200.012348 146.99913868701557
196.894266 146.99913868701557
201.560095 146.99913868701557
196.383169 146.99913868701557
195.180872 146.99913868701557
200.534288 146.99913868701557
195.527526 146.99913868701557
206.192494 146.99913868701557
194.878189 146.99913868701557
199.109119 146.99913868701557
207.346603 146.99913868701557
194.825182 146.99913868701557
206.292485 146.99913868701557
195.224843 146.99913868701557
197.398737 146.99913868701557
199.552151 146.99913868701557
195.27273 146.99913868701557
201.115558 146.99913868701557
195.793465 146.99913868701557
202.329902 146.99913868701557
198.598625 146.99913868701557
202.976529 146.99913868701557
207.884504 146.99913868701557
195.526322 146.99913868701557
197.860742 146.99913868701557
196.922275 146.99913868701557
196.554238 146.99913868701557
199.085025 146.99913868701557
195.859122 146.99913868701557
195.538971 146.99913868701557
197.590587 146.99913868701557
200.320151 146.99913868701557
200.939069 146.99913868701557
195.808524 146.99913868701557
196.85933 146.99913868701557
202.444952 146.99913868701557
195.066425 146.99913868701557
202.317555 146.99913868701557
195.589267 146.99913868701557
199.935849 146.99913868701557
197.015038 146.99913868701557
200.012649 146.99913868701557
210.666173 146.99913868701557
207.011393 146.99913868701557
201.520942 146.99913868701557
206.820749 146.99913868701557
200.024396 146.99913868701557
198.190531 146.99913868701557
201.545036 146.99913868701557
197.09756 146.99913868701557
195.328448 146.99913868701557
197.26652 146.99913868701557
197.262003 146.99913868701557
199.496433 146.99913868701557
195.395008 146.99913868701557
202.822628 146.99913868701557
195.192317 146.99913868701557
196.91083 146.99913868701557
198.867274 146.99913868701557
195.545898 146.99913868701557
202.466637 146.99913868701557
208.036901 146.99913868701557
204.408926 146.99913868701557
197.755631 146.99913868701557
204.500784 146.99913868701557
206.016607 146.99913868701557
195.09865 146.99913868701557
197.086718 146.99913868701557
196.924384 146.99913868701557
199.512094 146.99913868701557
195.896768 146.99913868701557
198.840169 146.99913868701557
198.154991 146.99913868701557
199.335604 146.99913868701557
195.558547 146.99913868701557
201.718515 146.99913868701557
199.160922 146.99913868701557
199.95904 146.99913868701557
201.962166 146.99913868701557
198.732649 146.99913868701557
195.816656 146.99913868701557
196.642181 146.99913868701557
203.431908 146.99913868701557
-
2
198.350154 327.0957081723311
202.790704 327.0957081723311
198.264017 327.0957081723311
201.293855 327.0957081723311
208.015215 327.0957081723311
198.51038 327.0957081723311
202.478082 327.0957081723311
199.344037 327.0957081723311
204.185152 327.0957081723311
202.302496 327.0957081723311
207.07434 327.0957081723311
197.85773 327.0957081723311
208.087197 327.0957081723311
198.851312 327.0957081723311
199.530465 327.0957081723311
202.342853 327.0957081723311
196.97468 327.0957081723311
199.551849 327.0957081723311
201.418241 327.0957081723311
204.2234 327.0957081723311
202.996106 327.0957081723311
203.521358 327.0957081723311
199.61359 327.0957081723311
206.984288 327.0957081723311
199.457581 327.0957081723311
198.861552 327.0957081723311
201.610091 327.0957081723311
198.373043 327.0957081723311
200.348461 327.0957081723311
200.62193 327.0957081723311
199.150079 327.0957081723311
203.612313 327.0957081723311
199.509383 327.0957081723311
199.862362 327.0957081723311
206.502405 327.0957081723311
201.771522 327.0957081723311
205.288964 327.0957081723311
205.062178 327.0957081723311
210.246633 327.0957081723311
200.624942 327.0957081723311
199.073279 327.0957081723311
200.118363 327.0957081723311
198.424544 327.0957081723311
202.588312 327.0957081723311
200.239134 327.0957081723311
202.978638 327.0957081723311
198.227274 327.0957081723311
204.557105 327.0957081723311
200.505977 327.0957081723311
208.412769 327.0957081723311
203.345169 327.0957081723311
205.699167 327.0957081723311
199.078701 327.0957081723311
207.042415 327.0957081723311
200.61169 327.0957081723311
197.831829 327.0957081723311
202.896115 327.0957081723311
198.275161 327.0957081723311
204.544154 327.0957081723311
199.934946 327.0957081723311
198.191132 327.0957081723311
204.442959 327.0957081723311
199.632263 327.0957081723311
201.518533 327.0957081723311
209.153664 327.0957081723311
200.155407 327.0957081723311
198.477853 327.0957081723311
198.317326 327.0957081723311
200.600245 327.0957081723311
200.336716 327.0957081723311
199.556367 327.0957081723311
202.610599 327.0957081723311
198.292027 327.0957081723311
198.348347 327.0957081723311
209.547904 327.0957081723311
199.921393 327.0957081723311
200.176189 327.0957081723311
199.409091 327.0957081723311
200.021083 327.0957081723311
201.17218 327.0957081723311
198.480263 327.0957081723311
202.377489 327.0957081723311
198.324253 327.0957081723311
198.595312 327.0957081723311
203.482506 327.0957081723311
198.747105 327.0957081723311
199.727436 327.0957081723311
201.204405 327.0957081723311
200.832452 327.0957081723311
208.516976 327.0957081723311
200.027106 327.0957081723311
198.453156 327.0957081723311
204.690827 327.0957081723311
198.86095 327.0957081723311
200.709873 327.0957081723311
202.866901 327.0957081723311
200.344546 327.0957081723311
203.44757 327.0957081723311
198.834145 327.0957081723311
200.347257 327.0957081723311
-
3
203.55509 166.97642581665676
198.408583 166.97642581665676
203.431306 166.97642581665676
199.519623 166.97642581665676
198.302568 166.97642581665676
203.165668 166.97642581665676
202.551268 166.97642581665676
207.516768 166.97642581665676
198.536583 166.97642581665676
200.295755 166.97642581665676
199.822005 166.97642581665676
197.970069 166.97642581665676
202.463023 166.97642581665676
199.13743 166.97642581665676
203.858375 166.97642581665676
199.709365 166.97642581665676
203.663514 166.97642581665676
198.646512 166.97642581665676
214.8965 166.97642581665676
207.141201 166.97642581665676
210.453241 166.97642581665676
200.089148 166.97642581665676
208.721475 166.97642581665676
198.381176 166.97642581665676
202.045291 166.97642581665676
204.024625 166.97642581665676
199.523538 166.97642581665676
205.099523 166.97642581665676
198.026991 166.97642581665676
199.946692 166.97642581665676
203.345169 166.97642581665676
199.119962 166.97642581665676
199.21935 166.97642581665676
203.579786 166.97642581665676
201.369751 166.97642581665676
199.253685 166.97642581665676
200.071077 166.97642581665676
199.209713 166.97642581665676
199.645214 166.97642581665676
200.208715 166.97642581665676
202.712397 166.97642581665676
198.33389 166.97642581665676
199.216339 166.97642581665676
206.935196 166.97642581665676
199.901817 166.97642581665676
199.903925 166.97642581665676
198.867876 166.97642581665676
199.08623 166.97642581665676
200.55808 166.97642581665676
200.412311 166.97642581665676
200.788481 166.97642581665676
197.684553 166.97642581665676
199.008526 166.97642581665676
201.85314 166.97642581665676
199.332893 166.97642581665676
199.104903 166.97642581665676
200.374965 166.97642581665676
203.571956 166.97642581665676
209.258172 166.97642581665676
200.436104 166.97642581665676
199.307896 166.97642581665676
204.452296 166.97642581665676
199.046775 166.97642581665676
198.409485 166.97642581665676
205.358235 166.97642581665676
208.959706 166.97642581665676
199.025995 166.97642581665676
199.120564 166.97642581665676
197.723706 166.97642581665676
203.544849 166.97642581665676
199.236517 166.97642581665676
203.926741 166.97642581665676
206.043412 166.97642581665676
208.235978 166.97642581665676
207.817342 166.97642581665676
198.252874 166.97642581665676
206.622274 166.97642581665676
197.53005 166.97642581665676
200.359906 166.97642581665676
200.933648 166.97642581665676
199.831943 166.97642581665676
201.944999 166.97642581665676
198.924197 166.97642581665676
202.591927 166.97642581665676
201.132726 166.97642581665676
203.618336 166.97642581665676
198.532366 166.97642581665676
205.104041 166.97642581665676
198.239622 166.97642581665676
207.56345 166.97642581665676
198.00862 166.97642581665676
207.877879 166.97642581665676
199.091049 166.97642581665676
198.124573 166.97642581665676
202.873225 166.97642581665676
198.425448 166.97642581665676
205.455815 166.97642581665676
198.590493 166.97642581665676
198.229985 166.97642581665676
205.09079 166.97642581665676
-
4
195.30074 193.5719514062416
195.86906 193.5719514062416
200.959248 193.5719514062416
196.225955 193.5719514062416
195.411874 193.5719514062416
207.49177 193.5719514062416
194.768862 193.5719514062416
195.91755 193.5719514062416
200.076499 193.5719514062416
195.844966 193.5719514062416
202.901235 193.5719514062416
196.948478 193.5719514062416
195.358265 193.5719514062416
199.917779 193.5719514062416
195.236288 193.5719514062416
195.135695 193.5719514062416
196.869871 193.5719514062416
195.007996 193.5719514062416
199.712978 193.5719514062416
194.427328 193.5719514062416
202.588613 193.5719514062416
198.313712 193.5719514062416
194.545088 193.5719514062416
198.292931 193.5719514062416
199.25007 193.5719514062416
199.358795 193.5719514062416
196.338294 193.5719514062416
200.558984 193.5719514062416
196.011517 193.5719514062416
204.80678 193.5719514062416
197.076177 193.5719514062416
195.117925 193.5719514062416
196.205776 193.5719514062416
195.671188 193.5719514062416
199.365722 193.5719514062416
194.179158 193.5719514062416
201.669122 193.5719514062416
196.609654 193.5719514062416
199.682259 193.5719514062416
197.673109 193.5719514062416
197.977599 193.5719514062416
196.298237 193.5719514062416
198.547425 193.5719514062416
200.751436 193.5719514062416
202.326891 193.5719514062416
210.228262 193.5719514062416
195.873277 193.5719514062416
205.701576 193.5719514062416
196.579837 193.5719514062416
203.247589 193.5719514062416
195.545596 193.5719514062416
200.456584 193.5719514062416
206.816532 193.5719514062416
196.713861 193.5719514062416
200.403276 193.5719514062416
194.899271 193.5719514062416
199.373251 193.5719514062416
194.861925 193.5719514062416
200.549949 193.5719514062416
196.459065 193.5719514062416
202.973819 193.5719514062416
196.784035 193.5719514062416
194.982999 193.5719514062416
197.783942 193.5719514062416
197.161711 193.5719514062416
194.504429 193.5719514062416
199.300667 193.5719514062416
197.50957 193.5719514062416
197.481561 193.5719514062416
198.424545 193.5719514062416
196.300947 193.5719514062416
202.31123 193.5719514062416
195.340496 193.5719514062416
194.611949 193.5719514062416
201.875729 193.5719514062416
193.635835 193.5719514062416
194.978782 193.5719514062416
195.871771 193.5719514062416
195.512467 193.5719514062416
201.197479 193.5719514062416
199.003707 193.5719514062416
194.961013 193.5719514062416
195.951282 193.5719514062416
194.36649 193.5719514062416
205.931072 193.5719514062416
194.030979 193.5719514062416
203.951137 193.5719514062416
196.940346 193.5719514062416
194.52762 193.5719514062416
197.766173 193.5719514062416
194.884514 193.5719514062416
199.238023 193.5719514062416
194.927582 193.5719514062416
200.35057 193.5719514062416
195.894058 193.5719514062416
201.340538 193.5719514062416
196.014228 193.5719514062416
201.762486 193.5719514062416
197.334587 193.5719514062416
202.428388 193.5719514062416
-
5
199.755445 354.9454960944658
221.823565 354.9454960944658
196.626821 354.9454960944658
197.361993 354.9454960944658
200.723125 354.9454960944658
197.484572 354.9454960944658
204.428201 354.9454960944658
197.131292 354.9454960944658
197.374643 354.9454960944658
202.846421 354.9454960944658
199.066051 354.9454960944658
199.53167 354.9454960944658
202.223286 354.9454960944658
197.080393 354.9454960944658
197.236703 354.9454960944658
198.152582 354.9454960944658
201.784171 354.9454960944658
196.125965 354.9454960944658
198.238418 354.9454960944658
202.515729 354.9454960944658
202.936172 354.9454960944658
196.558153 354.9454960944658
204.559514 354.9454960944658
196.101569 354.9454960944658
197.23068 354.9454960944658
209.707828 354.9454960944658
201.947107 354.9454960944658
204.887194 354.9454960944658
202.957254 354.9454960944658
205.842225 354.9454960944658
200.180405 354.9454960944658
196.473221 354.9454960944658
201.25169 354.9454960944658
196.568995 354.9454960944658
196.771687 354.9454960944658
200.479774 354.9454960944658
196.968355 354.9454960944658
210.060808 354.9454960944658
196.007301 354.9454960944658
197.418915 354.9454960944658
207.823668 354.9454960944658
197.146652 354.9454960944658
199.524141 354.9454960944658
199.938259 354.9454960944658
202.382608 354.9454960944658
198.122465 354.9454960944658
198.991058 354.9454960944658
197.644497 354.9454960944658
201.680265 354.9454960944658
197.49421 354.9454960944658
197.60926 354.9454960944658
199.882541 354.9454960944658
198.146558 354.9454960944658
201.370354 354.9454960944658
198.270643 354.9454960944658
206.494273 354.9454960944658
195.490482 354.9454960944658
208.747677 354.9454960944658
201.298976 354.9454960944658
198.519717 354.9454960944658
201.634185 354.9454960944658
196.057296 354.9454960944658
202.279907 354.9454960944658
197.221042 354.9454960944658
204.646252 354.9454960944658
198.284196 354.9454960944658
205.625077 354.9454960944658
196.722595 354.9454960944658
203.94933 354.9454960944658
196.80572 354.9454960944658
205.851562 354.9454960944658
196.439188 354.9454960944658
196.889146 354.9454960944658
199.482277 354.9454960944658
198.709156 354.9454960944658
209.672591 354.9454960944658
197.265617 354.9454960944658
197.973684 354.9454960944658
203.981857 354.9454960944658
200.876424 354.9454960944658
197.439998 354.9454960944658
207.617361 354.9454960944658
200.228895 354.9454960944658
197.727019 354.9454960944658
197.497222 354.9454960944658
204.865811 354.9454960944658
201.170373 354.9454960944658
199.452461 354.9454960944658
197.921279 354.9454960944658
208.866642 354.9454960944658
198.448037 354.9454960944658
196.714162 354.9454960944658
199.653044 354.9454960944658
199.170559 354.9454960944658
197.461984 354.9454960944658
210.358672 354.9454960944658
197.695396 354.9454960944658
197.363198 354.9454960944658
196.482256 354.9454960944658
198.089034 354.9454960944658
-
6
199.509383 384.33278914498453
196.880111 384.33278914498453
201.960961 384.33278914498453
197.562276 384.33278914498453
198.508874 384.33278914498453
202.334722 384.33278914498453
198.345336 384.33278914498453
198.138126 384.33278914498453
199.180499 384.33278914498453
199.016056 384.33278914498453
207.006575 384.33278914498453
198.919077 384.33278914498453
197.062925 384.33278914498453
203.918912 384.33278914498453
198.985035 384.33278914498453
199.079303 384.33278914498453
201.779653 384.33278914498453
197.379161 384.33278914498453
198.286003 384.33278914498453
199.345844 384.33278914498453
198.93534 384.33278914498453
202.492237 384.33278914498453
200.835465 384.33278914498453
201.94771 384.33278914498453
200.124688 384.33278914498453
198.712168 384.33278914498453
203.090073 384.33278914498453
197.574624 384.33278914498453
205.693745 384.33278914498453
198.801016 384.33278914498453
201.542627 384.33278914498453
198.512488 384.33278914498453
198.157702 384.33278914498453
201.41011 384.33278914498453
198.07006 384.33278914498453
203.440944 384.33278914498453
199.065148 384.33278914498453
207.799272 384.33278914498453
203.131937 384.33278914498453
206.155148 384.33278914498453
198.613382 384.33278914498453
207.071027 384.33278914498453
199.322653 384.33278914498453
201.916388 384.33278914498453
202.383512 384.33278914498453
207.311968 384.33278914498453
204.954959 384.33278914498453
198.03181 384.33278914498453
197.667989 384.33278914498453
202.459409 384.33278914498453
199.205797 384.33278914498453
198.287509 384.33278914498453
202.815701 384.33278914498453
197.868272 384.33278914498453
199.477157 384.33278914498453
199.069665 384.33278914498453
199.111529 384.33278914498453
200.239134 384.33278914498453
198.663679 384.33278914498453
201.017375 384.33278914498453
198.673919 384.33278914498453
197.390304 384.33278914498453
208.025154 384.33278914498453
197.272543 384.33278914498453
197.878211 384.33278914498453
198.82511 384.33278914498453
204.651373 384.33278914498453
198.717589 384.33278914498453
198.322145 384.33278914498453
200.540913 384.33278914498453
199.42174 384.33278914498453
197.662568 384.33278914498453
200.785469 384.33278914498453
197.462285 384.33278914498453
197.602935 384.33278914498453
200.825826 384.33278914498453
198.039641 384.33278914498453
205.442564 384.33278914498453
199.240734 384.33278914498453
199.727736 384.33278914498453
206.528909 384.33278914498453
199.334399 384.33278914498453
198.724818 384.33278914498453
202.073 384.33278914498453
197.762859 384.33278914498453
199.738579 384.33278914498453
198.480865 384.33278914498453
197.349344 384.33278914498453
202.14468 384.33278914498453
197.761353 384.33278914498453
201.482391 384.33278914498453
198.267331 384.33278914498453
202.810279 384.33278914498453
201.441432 384.33278914498453
197.398436 384.33278914498453
204.903457 384.33278914498453
197.989645 384.33278914498453
197.361692 384.33278914498453
198.94287 384.33278914498453
197.858634 384.33278914498453
-
7
203.740314 230.14589717761885
205.616343 230.14589717761885
204.306224 230.14589717761885
204.036972 230.14589717761885
205.274206 230.14589717761885
201.852839 230.14589717761885
207.065003 230.14589717761885
199.632865 230.14589717761885
211.413091 230.14589717761885
202.99972 230.14589717761885
210.412281 230.14589717761885
199.29103 230.14589717761885
200.346955 230.14589717761885
207.758312 230.14589717761885
199.816885 230.14589717761885
207.520683 230.14589717761885
199.531971 230.14589717761885
202.93045 230.14589717761885
204.491749 230.14589717761885
200.26624 230.14589717761885
201.582985 230.14589717761885
204.8631 230.14589717761885
201.221572 230.14589717761885
200.001807 230.14589717761885
200.412009 230.14589717761885
201.939277 230.14589717761885
201.452575 230.14589717761885
199.655755 230.14589717761885
203.543042 230.14589717761885
200.516217 230.14589717761885
201.739295 230.14589717761885
207.723977 230.14589717761885
200.028009 230.14589717761885
200.838175 230.14589717761885
202.436218 230.14589717761885
201.892896 230.14589717761885
205.133858 230.14589717761885
200.167153 230.14589717761885
204.980258 230.14589717761885
200.11776 230.14589717761885
202.929245 230.14589717761885
206.371996 230.14589717761885
200.410504 230.14589717761885
209.592177 230.14589717761885
206.553605 230.14589717761885
204.924842 230.14589717761885
208.522698 230.14589717761885
199.61871 230.14589717761885
203.547862 230.14589717761885
205.759101 230.14589717761885
202.219371 230.14589717761885
199.54432 230.14589717761885
203.139165 230.14589717761885
200.178597 230.14589717761885
200.869799 230.14589717761885
200.847511 230.14589717761885
199.660875 230.14589717761885
206.39368 230.14589717761885
202.311531 230.14589717761885
202.627164 230.14589717761885
201.566119 230.14589717761885
200.974307 230.14589717761885
205.053745 230.14589717761885
202.003427 230.14589717761885
209.852394 230.14589717761885
205.778376 230.14589717761885
202.483201 230.14589717761885
204.186356 230.14589717761885
200.684876 230.14589717761885
203.298187 230.14589717761885
202.413329 230.14589717761885
204.20262 230.14589717761885
201.941385 230.14589717761885
204.855269 230.14589717761885
201.028217 230.14589717761885
208.454632 230.14589717761885
200.524951 230.14589717761885
206.998141 230.14589717761885
201.950119 230.14589717761885
210.48637 230.14589717761885
201.16465 230.14589717761885
199.945788 230.14589717761885
203.349988 230.14589717761885
200.437007 230.14589717761885
206.236165 230.14589717761885
201.526363 230.14589717761885
200.881544 230.14589717761885
205.997934 230.14589717761885
201.361921 230.14589717761885
201.29506 230.14589717761885
206.486744 230.14589717761885
201.41523 230.14589717761885
200.993582 230.14589717761885
202.983758 230.14589717761885
204.519759 230.14589717761885
201.236331 230.14589717761885
201.503776 230.14589717761885
199.158211 230.14589717761885
206.673774 230.14589717761885
201.376377 230.14589717761885
-
8
205.219693 275.6386228499611
207.418886 275.6386228499611
203.172595 275.6386228499611
204.902555 275.6386228499611
205.927157 275.6386228499611
204.504097 275.6386228499611
206.30664 275.6386228499611
206.36025 275.6386228499611
212.763869 275.6386228499611
206.297304 275.6386228499611
203.567438 275.6386228499611
208.600703 275.6386228499611
205.080851 275.6386228499611
208.43084 275.6386228499611
207.397803 275.6386228499611
211.223349 275.6386228499611
204.113471 275.6386228499611
211.693186 275.6386228499611
213.96978 275.6386228499611
204.864606 275.6386228499611
205.001039 275.6386228499611
204.94502 275.6386228499611
206.723468 275.6386228499611
207.739638 275.6386228499611
206.56505 275.6386228499611
203.677367 275.6386228499611
206.638235 275.6386228499611
205.894932 275.6386228499611
205.851863 275.6386228499611
206.212974 275.6386228499611
205.34679 275.6386228499611
211.0827 275.6386228499611
202.724445 275.6386228499611
209.476224 275.6386228499611
205.249208 275.6386228499611
211.985327 275.6386228499611
204.08004 275.6386228499611
205.762113 275.6386228499611
217.246884 275.6386228499611
204.270385 275.6386228499611
209.770474 275.6386228499611
216.006939 275.6386228499611
202.93587 275.6386228499611
212.730136 275.6386228499611
207.035186 275.6386228499611
207.25113 275.6386228499611
204.075824 275.6386228499611
207.276128 275.6386228499611
205.747355 275.6386228499611
205.697661 275.6386228499611
212.281384 275.6386228499611
213.2837 275.6386228499611
207.375215 275.6386228499611
205.673266 275.6386228499611
209.124149 275.6386228499611
213.127088 275.6386228499611
204.929961 275.6386228499611
203.874036 275.6386228499611
205.366969 275.6386228499611
208.600402 275.6386228499611
206.016908 275.6386228499611
207.536947 275.6386228499611
204.754677 275.6386228499611
210.697796 275.6386228499611
204.092088 275.6386228499611
208.41819 275.6386228499611
205.946734 275.6386228499611
207.642961 275.6386228499611
205.522376 275.6386228499611
209.426831 275.6386228499611
207.811018 275.6386228499611
209.616271 275.6386228499611
205.438348 275.6386228499611
204.993209 275.6386228499611
211.901299 275.6386228499611
203.017189 275.6386228499611
207.634829 275.6386228499611
206.786414 275.6386228499611
206.873756 275.6386228499611
210.673401 275.6386228499611
213.731248 275.6386228499611
206.753586 275.6386228499611
205.832889 275.6386228499611
204.430309 275.6386228499611
208.532938 275.6386228499611
201.792302 275.6386228499611
205.863609 275.6386228499611
210.940846 275.6386228499611
203.975532 275.6386228499611
203.804766 275.6386228499611
207.397502 275.6386228499611
204.188766 275.6386228499611
207.040607 275.6386228499611
209.462671 275.6386228499611
203.851147 275.6386228499611
206.281944 275.6386228499611
209.840346 275.6386228499611
217.039373 275.6386228499611
215.308511 275.6386228499611
206.183458 275.6386228499611
-
9
202.533197 111.98842324327414
198.311302 111.98842324327414
198.928112 111.98842324327414
204.16166 111.98842324327414
197.75533 111.98842324327414
201.358307 111.98842324327414
198.172761 111.98842324327414
200.750231 111.98842324327414
197.475536 111.98842324327414
204.429104 111.98842324327414
198.49502 111.98842324327414
198.935039 111.98842324327414
200.752942 111.98842324327414
197.635161 111.98842324327414
201.111342 111.98842324327414
197.621607 111.98842324327414
204.071909 111.98842324327414
198.042351 111.98842324327414
204.013782 111.98842324327414
198.320338 111.98842324327414
196.599715 111.98842324327414
200.135228 111.98842324327414
196.892459 111.98842324327414
200.106617 111.98842324327414
199.259406 111.98842324327414
199.980122 111.98842324327414
199.564499 111.98842324327414
199.948198 111.98842324327414
197.02317 111.98842324327414
202.658788 111.98842324327414
197.805928 111.98842324327414
203.436426 111.98842324327414
197.845683 111.98842324327414
200.80113 111.98842324327414
197.385786 111.98842324327414
197.956516 111.98842324327414
206.795149 111.98842324327414
196.796685 111.98842324327414
202.770826 111.98842324327414
197.578238 111.98842324327414
200.470739 111.98842324327414
205.057058 111.98842324327414
200.238833 111.98842324327414
201.223079 111.98842324327414
199.41662 111.98842324327414
202.559098 111.98842324327414
200.994485 111.98842324327414
203.088265 111.98842324327414
196.962934 111.98842324327414
204.952549 111.98842324327414
202.744623 111.98842324327414
196.808732 111.98842324327414
202.336227 111.98842324327414
201.084839 111.98842324327414
197.337598 111.98842324327414
199.821703 111.98842324327414
198.228177 111.98842324327414
198.583566 111.98842324327414
197.442709 111.98842324327414
197.531857 111.98842324327414
203.437028 111.98842324327414
197.512883 111.98842324327414
198.351961 111.98842324327414
201.060745 111.98842324327414
197.215922 111.98842324327414
196.710849 111.98842324327414
198.338107 111.98842324327414
198.103491 111.98842324327414
203.265658 111.98842324327414
197.911942 111.98842324327414
197.659255 111.98842324327414
198.452855 111.98842324327414
198.255585 111.98842324327414
201.823324 111.98842324327414
196.591583 111.98842324327414
204.060163 111.98842324327414
197.13611 111.98842324327414
198.442917 111.98842324327414
199.174776 111.98842324327414
196.977391 111.98842324327414
200.749327 111.98842324327414
197.350548 111.98842324327414
202.59795 111.98842324327414
198.092347 111.98842324327414
202.44947 111.98842324327414
198.376055 111.98842324327414
206.117199 111.98842324327414
198.270041 111.98842324327414
205.673266 111.98842324327414
198.431472 111.98842324327414
204.880568 111.98842324327414
197.409579 111.98842324327414
200.695417 111.98842324327414
203.408417 111.98842324327414
197.495114 111.98842324327414
204.417961 111.98842324327414
196.993956 111.98842324327414
200.571934 111.98842324327414
203.416549 111.98842324327414
198.139029 111.98842324327414
-
