1
2.427183 47.02998679655884
2.386826 47.02998679655884
2.157931 47.02998679655884
2.135343 47.02998679655884
2.155522 47.02998679655884
2.132632 47.02998679655884
2.514524 47.02998679655884
2.279305 47.02998679655884
2.367851 47.02998679655884
2.171785 47.02998679655884
2.138054 47.02998679655884
2.140161 47.02998679655884
2.13203 47.02998679655884
3.041885 47.02998679655884
2.199795 47.02998679655884
2.393451 47.02998679655884
2.163051 47.02998679655884
2.195578 47.02998679655884
2.132331 47.02998679655884
2.273885 47.02998679655884
2.242562 47.02998679655884
2.259427 47.02998679655884
2.283823 47.02998679655884
2.154317 47.02998679655884
2.128717 47.02998679655884
2.144077 47.02998679655884
2.128717 47.02998679655884
2.122392 47.02998679655884
2.131126 47.02998679655884
2.372971 47.02998679655884
2.155521 47.02998679655884
2.134138 47.02998679655884
2.126909 47.02998679655884
2.126307 47.02998679655884
2.128114 47.02998679655884
2.195879 47.02998679655884
2.235634 47.02998679655884
2.141668 47.02998679655884
2.135041 47.02998679655884
2.123898 47.02998679655884
2.128114 47.02998679655884
2.137452 47.02998679655884
2.215455 47.02998679655884
2.161244 47.02998679655884
2.17811 47.02998679655884
2.144077 47.02998679655884
2.128717 47.02998679655884
2.125705 47.02998679655884
2.122392 47.02998679655884
2.301894 47.02998679655884
2.30099 47.02998679655884
2.260331 47.02998679655884
2.159135 47.02998679655884
2.135041 47.02998679655884
2.144679 47.02998679655884
2.130825 47.02998679655884
2.205516 47.02998679655884
2.131427 47.02998679655884
2.148896 47.02998679655884
2.13203 47.02998679655884
2.129621 47.02998679655884
2.12962 47.02998679655884
3.312341 47.02998679655884
2.3549 47.02998679655884
2.138053 47.02998679655884
2.247079 47.02998679655884
2.279606 47.02998679655884
2.134741 47.02998679655884
2.129921 47.02998679655884
2.153714 47.02998679655884
2.142571 47.02998679655884
2.126609 47.02998679655884
2.312134 47.02998679655884
10.652921 47.02998679655884
2.20371 47.02998679655884
2.449771 47.02998679655884
2.27027 47.02998679655884
2.168472 47.02998679655884
2.127814 47.02998679655884
2.144077 47.02998679655884
2.180519 47.02998679655884
2.125404 47.02998679655884
2.287437 47.02998679655884
2.243164 47.02998679655884
2.200095 47.02998679655884
2.180519 47.02998679655884
2.199192 47.02998679655884
2.186844 47.02998679655884
2.43923 47.02998679655884
2.372369 47.02998679655884
2.299183 47.02998679655884
2.383512 47.02998679655884
2.184435 47.02998679655884
2.18835 47.02998679655884
2.204312 47.02998679655884
2.486214 47.02998679655884
2.322374 47.02998679655884
2.260933 47.02998679655884
2.247381 47.02998679655884
2.269366 47.02998679655884
-
2
2.243164 60.62334633325138
2.264548 60.62334633325138
2.243766 60.62334633325138
2.226298 60.62334633325138
2.575362 60.62334633325138
2.44947 60.62334633325138
2.294063 60.62334633325138
2.29587 60.62334633325138
2.300689 60.62334633325138
2.310025 60.62334633325138
2.419653 60.62334633325138
2.340143 60.62334633325138
2.268463 60.62334633325138
2.234129 60.62334633325138
2.254308 60.62334633325138
2.248887 60.62334633325138
2.272679 60.62334633325138
2.59524 60.62334633325138
2.39827 60.62334633325138
2.227503 60.62334633325138
2.199192 60.62334633325138
2.181724 60.62334633325138
2.19076 60.62334633325138
2.273282 60.62334633325138
2.196181 60.62334633325138
2.231117 60.62334633325138
2.244067 60.62334633325138
2.242562 60.62334633325138
2.241959 60.62334633325138
2.240454 60.62334633325138
2.404896 60.62334633325138
2.620539 60.62334633325138
2.299786 60.62334633325138
2.245874 60.62334633325138
2.253103 60.62334633325138
2.244971 60.62334633325138
2.322675 60.62334633325138
2.302194 60.62334633325138
2.29316 60.62334633325138
2.429592 60.62334633325138
2.293762 60.62334633325138
2.34466 60.62334633325138
2.729564 60.62334633325138
2.231418 60.62334633325138
2.255813 60.62334633325138
2.378392 60.62334633325138
2.257621 60.62334633325138
2.247983 60.62334633325138
2.232322 60.62334633325138
2.241357 60.62334633325138
2.23443 60.62334633325138
2.23955 60.62334633325138
4.283335 60.62334633325138
2.800341 60.62334633325138
2.361225 60.62334633325138
2.188049 60.62334633325138
2.433809 60.62334633325138
2.418148 60.62334633325138
2.302797 60.62334633325138
2.270873 60.62334633325138
2.265753 60.62334633325138
2.24196 60.62334633325138
2.23202 60.62334633325138
3.013574 60.62334633325138
3.328605 60.62334633325138
2.24979 60.62334633325138
2.206722 60.62334633325138
2.181724 60.62334633325138
2.428388 60.62334633325138
2.459108 60.62334633325138
2.401583 60.62334633325138
2.292858 60.62334633325138
2.243766 60.62334633325138
2.246477 60.62334633325138
2.230815 60.62334633325138
2.532595 60.62334633325138
2.251898 60.62334633325138
2.274487 60.62334633325138
2.241055 60.62334633325138
2.245574 60.62334633325138
2.30099 60.62334633325138
2.248585 60.62334633325138
2.243766 60.62334633325138
2.241959 60.62334633325138
2.62355 60.62334633325138
2.28051 60.62334633325138
2.255211 60.62334633325138
2.24226 60.62334633325138
2.233828 60.62334633325138
2.248887 60.62334633325138
2.570242 60.62334633325138
2.522656 60.62334633325138
2.241357 60.62334633325138
2.237743 60.62334633325138
2.244067 60.62334633325138
2.233828 60.62334633325138
2.583795 60.62334633325138
2.357611 60.62334633325138
2.213047 60.62334633325138
2.19618 60.62334633325138
-
3
2.151305 46.02118441519626
2.130524 46.02118441519626
2.255813 46.02118441519626
2.13986 46.02118441519626
2.204914 46.02118441519626
2.135343 46.02118441519626
2.127512 46.02118441519626
2.126909 46.02118441519626
2.136246 46.02118441519626
2.609395 46.02118441519626
2.214853 46.02118441519626
2.176604 46.02118441519626
2.135644 46.02118441519626
2.13715 46.02118441519626
2.125103 46.02118441519626
2.132633 46.02118441519626
2.278401 46.02118441519626
2.187748 46.02118441519626
2.206119 46.02118441519626
2.193771 46.02118441519626
2.18052 46.02118441519626
2.662402 46.02118441519626
2.135042 46.02118441519626
2.133536 46.02118441519626
2.133536 46.02118441519626
2.166364 46.02118441519626
2.352491 46.02118441519626
2.137451 46.02118441519626
2.130825 46.02118441519626
2.133235 46.02118441519626
2.131729 46.02118441519626
2.13986 46.02118441519626
2.124802 46.02118441519626
2.323578 46.02118441519626
2.159136 46.02118441519626
2.129319 46.02118441519626
2.144679 46.02118441519626
2.165762 46.02118441519626
2.130223 46.02118441519626
2.123898 46.02118441519626
2.575362 46.02118441519626
2.239249 46.02118441519626
2.418148 46.02118441519626
2.478082 46.02118441519626
2.310326 46.02118441519626
2.152209 46.02118441519626
2.255814 46.02118441519626
2.259427 46.02118441519626
2.129319 46.02118441519626
2.134138 46.02118441519626
2.153715 46.02118441519626
2.138656 46.02118441519626
2.313037 46.02118441519626
2.978938 46.02118441519626
2.392849 46.02118441519626
2.156425 46.02118441519626
2.137451 46.02118441519626
2.128115 46.02118441519626
2.125103 46.02118441519626
2.416341 46.02118441519626
2.213649 46.02118441519626
2.28051 46.02118441519626
2.207324 46.02118441519626
2.181422 46.02118441519626
2.177507 46.02118441519626
2.190759 46.02118441519626
2.197385 46.02118441519626
2.185338 46.02118441519626
2.487418 46.02118441519626
2.210637 46.02118441519626
2.12691 46.02118441519626
2.127513 46.02118441519626
2.12962 46.02118441519626
2.124199 46.02118441519626
2.136849 46.02118441519626
2.508802 46.02118441519626
2.16516 46.02118441519626
2.13715 46.02118441519626
2.135041 46.02118441519626
2.134741 46.02118441519626
2.133535 46.02118441519626
2.125103 46.02118441519626
2.740707 46.02118441519626
2.290449 46.02118441519626
2.250091 46.02118441519626
2.27298 46.02118441519626
2.283823 46.02118441519626
2.252501 46.02118441519626
2.347673 46.02118441519626
2.24979 46.02118441519626
2.166966 46.02118441519626
2.140764 46.02118441519626
2.126308 46.02118441519626
2.132331 46.02118441519626
2.141668 46.02118441519626
2.196482 46.02118441519626
2.172388 46.02118441519626
2.13986 46.02118441519626
2.683484 46.02118441519626
2.13715 46.02118441519626
-
4
2.287738 88.06396387260759
2.166966 88.06396387260759
2.223888 88.06396387260759
2.193771 88.06396387260759
2.174194 88.06396387260759
2.163653 88.06396387260759
2.165461 88.06396387260759
2.158232 88.06396387260759
2.164858 88.06396387260759
2.172387 88.06396387260759
2.346468 88.06396387260759
2.238346 88.06396387260759
2.226599 88.06396387260759
2.232322 88.06396387260759
2.245273 88.06396387260759
2.219672 88.06396387260759
2.216661 88.06396387260759
2.350985 88.06396387260759
2.177507 88.06396387260759
2.186242 88.06396387260759
2.198892 88.06396387260759
2.187748 88.06396387260759
2.172387 88.06396387260759
2.166063 88.06396387260759
2.5338 88.06396387260759
2.361225 88.06396387260759
3.407212 88.06396387260759
2.338938 88.06396387260759
2.288642 88.06396387260759
2.394656 88.06396387260759
2.28563 88.06396387260759
2.317554 88.06396387260759
2.223888 88.06396387260759
2.238345 88.06396387260759
2.246176 88.06396387260759
2.225696 88.06396387260759
2.608793 88.06396387260759
2.269065 88.06396387260759
2.244368 88.06396387260759
2.234731 88.06396387260759
2.22419 88.06396387260759
2.222684 88.06396387260759
2.557592 88.06396387260759
2.316952 88.06396387260759
2.318157 88.06396387260759
2.264548 88.06396387260759
2.22931 88.06396387260759
2.223889 88.06396387260759
2.222985 88.06396387260759
2.228708 88.06396387260759
2.220275 88.06396387260759
2.271474 88.06396387260759
2.361828 88.06396387260759
2.244971 88.06396387260759
2.246778 88.06396387260759
2.228105 88.06396387260759
2.23955 88.06396387260759
2.227502 88.06396387260759
2.670835 88.06396387260759
2.217866 88.06396387260759
2.168472 88.06396387260759
2.164255 88.06396387260759
2.173893 88.06396387260759
2.171484 88.06396387260759
2.168171 88.06396387260759
2.826845 88.06396387260759
2.298581 88.06396387260759
2.24226 88.06396387260759
2.229912 88.06396387260759
2.234129 88.06396387260759
2.227201 88.06396387260759
2.448265 88.06396387260759
2.301893 88.06396387260759
2.238647 88.06396387260759
2.766609 88.06396387260759
2.241357 88.06396387260759
2.232322 88.06396387260759
2.322373 88.06396387260759
2.238044 88.06396387260759
2.223588 88.06396387260759
2.227202 88.06396387260759
2.229009 88.06396387260759
2.232021 88.06396387260759
2.233526 88.06396387260759
2.354901 88.06396387260759
2.314543 88.06396387260759
2.315748 88.06396387260759
2.242562 88.06396387260759
2.227804 88.06396387260759
2.22148 88.06396387260759
2.230515 88.06396387260759
2.225997 88.06396387260759
2.250995 88.06396387260759
2.451578 88.06396387260759
2.228708 88.06396387260759
2.225997 88.06396387260759
2.233828 88.06396387260759
2.240754 88.06396387260759
2.232322 88.06396387260759
2.229912 88.06396387260759
-
5
2.212444 71.82251725719163
2.198891 71.82251725719163
2.202204 71.82251725719163
2.205517 71.82251725719163
2.629574 71.82251725719163
2.934666 71.82251725719163
2.384416 71.82251725719163
2.584096 71.82251725719163
2.232623 71.82251725719163
2.218769 71.82251725719163
2.378091 71.82251725719163
2.254006 71.82251725719163
2.204613 71.82251725719163
2.20883 71.82251725719163
2.201301 71.82251725719163
2.202505 71.82251725719163
2.19618 71.82251725719163
2.321169 71.82251725719163
2.245573 71.82251725719163
2.21395 71.82251725719163
2.19347 71.82251725719163
2.197687 71.82251725719163
2.205517 71.82251725719163
2.670534 71.82251725719163
2.675654 71.82251725719163
2.307616 71.82251725719163
2.204915 71.82251725719163
2.265752 71.82251725719163
2.201903 71.82251725719163
2.220575 71.82251725719163
2.228407 71.82251725719163
2.525969 71.82251725719163
2.305809 71.82251725719163
2.14739 71.82251725719163
2.133536 71.82251725719163
2.138956 71.82251725719163
2.178411 71.82251725719163
2.138053 71.82251725719163
2.745226 71.82251725719163
2.16787 71.82251725719163
2.138656 71.82251725719163
2.13986 71.82251725719163
2.138054 71.82251725719163
2.145884 71.82251725719163
2.129319 71.82251725719163
2.479587 71.82251725719163
2.161847 71.82251725719163
2.134138 71.82251725719163
2.13715 71.82251725719163
2.823833 71.82251725719163
2.152209 71.82251725719163
2.253705 71.82251725719163
2.290147 71.82251725719163
2.169376 71.82251725719163
2.130825 71.82251725719163
2.137752 71.82251725719163
2.136849 71.82251725719163
2.13715 71.82251725719163
2.303099 71.82251725719163
2.248585 71.82251725719163
2.218769 71.82251725719163
2.192567 71.82251725719163
2.191362 71.82251725719163
2.195578 71.82251725719163
2.188952 71.82251725719163
2.246477 71.82251725719163
2.356406 71.82251725719163
2.270571 71.82251725719163
2.202204 71.82251725719163
2.260934 71.82251725719163
2.191662 71.82251725719163
2.199795 71.82251725719163
2.23443 71.82251725719163
2.232924 71.82251725719163
2.361828 71.82251725719163
2.215155 71.82251725719163
2.20371 71.82251725719163
2.130825 71.82251725719163
2.128115 71.82251725719163
2.232925 71.82251725719163
2.162147 71.82251725719163
2.34195 71.82251725719163
2.194072 71.82251725719163
2.132933 71.82251725719163
2.134741 71.82251725719163
2.178712 71.82251725719163
2.158233 71.82251725719163
2.17058 71.82251725719163
2.344961 71.82251725719163
2.186844 71.82251725719163
2.139559 71.82251725719163
2.142571 71.82251725719163
2.170279 71.82251725719163
2.192265 71.82251725719163
2.165461 71.82251725719163
2.617526 71.82251725719163
2.264548 71.82251725719163
2.30882 71.82251725719163
2.397969 71.82251725719163
2.294063 71.82251725719163
-
6
2.358514 65.48362034425307
2.158835 65.48362034425307
2.13715 65.48362034425307
2.13474 65.48362034425307
2.17811 65.48362034425307
2.139258 65.48362034425307
2.559399 65.48362034425307
2.333216 65.48362034425307
2.177808 65.48362034425307
2.133837 65.48362034425307
2.130825 65.48362034425307
2.16275 65.48362034425307
2.149197 65.48362034425307
2.152209 65.48362034425307
2.190458 65.48362034425307
2.455192 65.48362034425307
2.420256 65.48362034425307
2.142872 65.48362034425307
2.218769 65.48362034425307
2.13986 65.48362034425307
2.175099 65.48362034425307
2.161847 65.48362034425307
2.631682 65.48362034425307
2.804557 65.48362034425307
2.153413 65.48362034425307
2.151606 65.48362034425307
2.170882 65.48362034425307
2.215455 65.48362034425307
2.519343 65.48362034425307
2.222985 65.48362034425307
2.210938 65.48362034425307
2.137451 65.48362034425307
2.228708 65.48362034425307
2.206119 65.48362034425307
2.134138 65.48362034425307
2.531692 65.48362034425307
2.192567 65.48362034425307
2.250994 65.48362034425307
2.133536 65.48362034425307
2.127814 65.48362034425307
2.183531 65.48362034425307
2.130223 65.48362034425307
2.575362 65.48362034425307
2.613912 65.48362034425307
2.219069 65.48362034425307
2.149799 65.48362034425307
2.130826 65.48362034425307
2.190157 65.48362034425307
2.203409 65.48362034425307
2.279907 65.48362034425307
2.204313 65.48362034425307
2.161846 65.48362034425307
2.144077 65.48362034425307
2.154618 65.48362034425307
2.176001 65.48362034425307
2.130825 65.48362034425307
2.149799 65.48362034425307
2.258524 65.48362034425307
2.255512 65.48362034425307
2.132933 65.48362034425307
2.136246 65.48362034425307
2.194374 65.48362034425307
2.13203 65.48362034425307
2.147691 65.48362034425307
2.37508 65.48362034425307
2.21154 65.48362034425307
2.140764 65.48362034425307
2.13474 65.48362034425307
2.182929 65.48362034425307
2.124802 65.48362034425307
2.129319 65.48362034425307
2.34466 65.48362034425307
2.164557 65.48362034425307
2.135946 65.48362034425307
2.199192 65.48362034425307
2.129621 65.48362034425307
2.136849 65.48362034425307
2.132933 65.48362034425307
2.286232 65.48362034425307
2.27027 65.48362034425307
2.136246 65.48362034425307
2.149499 65.48362034425307
2.13203 65.48362034425307
2.13715 65.48362034425307
2.129319 65.48362034425307
2.284425 65.48362034425307
2.233828 65.48362034425307
2.247682 65.48362034425307
2.257922 65.48362034425307
2.152811 65.48362034425307
2.144378 65.48362034425307
2.131126 65.48362034425307
2.37267 65.48362034425307
2.344961 65.48362034425307
2.274486 65.48362034425307
3.015984 65.48362034425307
2.141668 65.48362034425307
2.142571 65.48362034425307
2.139559 65.48362034425307
2.14739 65.48362034425307
-
7
2.352491 43.67274047561796
2.606986 43.67274047561796
2.171183 43.67274047561796
2.133536 43.67274047561796
2.127211 43.67274047561796
2.129019 43.67274047561796
2.123296 43.67274047561796
2.218768 43.67274047561796
2.88196 43.67274047561796
2.161847 43.67274047561796
2.13444 43.67274047561796
2.125705 43.67274047561796
2.119983 43.67274047561796
2.139559 43.67274047561796
2.567531 43.67274047561796
2.41122 43.67274047561796
2.211239 43.67274047561796
2.165461 43.67274047561796
2.141366 43.67274047561796
2.12691 43.67274047561796
2.131427 43.67274047561796
2.714806 43.67274047561796
2.137451 43.67274047561796
2.123296 43.67274047561796
2.187145 43.67274047561796
2.128114 43.67274047561796
2.199795 43.67274047561796
2.268162 43.67274047561796
2.25491 43.67274047561796
2.267258 43.67274047561796
2.153714 43.67274047561796
2.129921 43.67274047561796
2.126007 43.67274047561796
2.123296 43.67274047561796
2.135343 43.67274047561796
2.122091 43.67274047561796
2.204011 43.67274047561796
2.397667 43.67274047561796
2.163653 43.67274047561796
2.17299 43.67274047561796
2.144981 43.67274047561796
2.127813 43.67274047561796
2.133536 43.67274047561796
2.210637 43.67274047561796
2.272981 43.67274047561796
2.141668 43.67274047561796
2.1245 43.67274047561796
2.155823 43.67274047561796
2.126609 43.67274047561796
2.122693 43.67274047561796
2.159738 43.67274047561796
2.268463 43.67274047561796
2.140764 43.67274047561796
2.218468 43.67274047561796
2.134439 43.67274047561796
2.146787 43.67274047561796
2.138355 43.67274047561796
2.116971 43.67274047561796
2.66451 43.67274047561796
2.246778 43.67274047561796
2.193169 43.67274047561796
2.206722 43.67274047561796
2.185941 43.67274047561796
2.194674 43.67274047561796
2.606082 43.67274047561796
2.731673 43.67274047561796
2.802449 43.67274047561796
2.141366 43.67274047561796
2.140463 43.67274047561796
2.140161 43.67274047561796
2.132331 43.67274047561796
2.328096 43.67274047561796
2.818412 43.67274047561796
3.145188 43.67274047561796
2.202204 43.67274047561796
2.191663 43.67274047561796
2.188651 43.67274047561796
2.22931 43.67274047561796
2.484708 43.67274047561796
2.654572 43.67274047561796
2.267861 43.67274047561796
2.250392 43.67274047561796
2.266355 43.67274047561796
2.269367 43.67274047561796
2.299484 43.67274047561796
2.596143 43.67274047561796
2.616322 43.67274047561796
2.272679 43.67274047561796
2.257018 43.67274047561796
2.265452 43.67274047561796
2.283521 43.67274047561796
2.560905 43.67274047561796
2.346468 43.67274047561796
2.26003 43.67274047561796
2.261837 43.67274047561796
2.271474 43.67274047561796
2.253405 43.67274047561796
2.375079 43.67274047561796
2.342552 43.67274047561796
2.328096 43.67274047561796
-
8
2.204011 34.75745370487108
2.177809 34.75745370487108
2.177809 34.75745370487108
2.542835 34.75745370487108
2.28051 34.75745370487108
2.25491 34.75745370487108
2.240152 34.75745370487108
2.204915 34.75745370487108
2.179917 34.75745370487108
2.173291 34.75745370487108
2.203409 34.75745370487108
2.230515 34.75745370487108
2.343456 34.75745370487108
2.214552 34.75745370487108
2.173592 34.75745370487108
2.18323 34.75745370487108
2.196181 34.75745370487108
2.183832 34.75745370487108
2.238346 34.75745370487108
2.358816 34.75745370487108
2.215757 34.75745370487108
2.144077 34.75745370487108
2.158835 34.75745370487108
2.110345 34.75745370487108
2.127512 34.75745370487108
2.280209 34.75745370487108
2.251597 34.75745370487108
2.205517 34.75745370487108
2.123295 34.75745370487108
2.123597 34.75745370487108
2.116067 34.75745370487108
2.142571 34.75745370487108
2.194675 34.75745370487108
2.33683 34.75745370487108
2.183531 34.75745370487108
2.183531 34.75745370487108
2.764803 34.75745370487108
2.186543 34.75745370487108
2.176604 34.75745370487108
2.246778 34.75745370487108
2.201903 34.75745370487108
2.182929 34.75745370487108
2.186543 34.75745370487108
2.192266 34.75745370487108
2.180519 34.75745370487108
2.177508 34.75745370487108
2.350383 34.75745370487108
2.603673 34.75745370487108
2.345564 34.75745370487108
2.311531 34.75745370487108
2.179917 34.75745370487108
2.120886 34.75745370487108
2.138053 34.75745370487108
2.204312 34.75745370487108
2.212444 34.75745370487108
2.547955 34.75745370487108
2.318157 34.75745370487108
2.199192 34.75745370487108
2.190459 34.75745370487108
2.191964 34.75745370487108
2.2269 34.75745370487108
2.204915 34.75745370487108
3.016586 34.75745370487108
2.18594 34.75745370487108
2.117573 34.75745370487108
2.1242 34.75745370487108
2.130524 34.75745370487108
2.172387 34.75745370487108
2.332011 34.75745370487108
2.254909 34.75745370487108
2.192567 34.75745370487108
2.181724 34.75745370487108
2.187446 34.75745370487108
2.183531 34.75745370487108
2.207625 34.75745370487108
2.922318 34.75745370487108
2.128717 34.75745370487108
2.135342 34.75745370487108
2.133234 34.75745370487108
2.119079 34.75745370487108
2.128415 34.75745370487108
2.609696 34.75745370487108
2.297677 34.75745370487108
2.200095 34.75745370487108
2.200999 34.75745370487108
2.187145 34.75745370487108
2.194976 34.75745370487108
2.252802 34.75745370487108
2.811485 34.75745370487108
2.190759 34.75745370487108
2.216058 34.75745370487108
2.239851 34.75745370487108
2.202204 34.75745370487108
2.188952 34.75745370487108
2.195578 34.75745370487108
2.225997 34.75745370487108
2.192868 34.75745370487108
3.020501 34.75745370487108
2.261536 34.75745370487108
2.296171 34.75745370487108
-
9
2.273884 30.916244879228614
2.347973 30.916244879228614
2.470854 30.916244879228614
2.264849 30.916244879228614
2.769019 30.916244879228614
2.297376 30.916244879228614
2.269668 30.916244879228614
2.261837 30.916244879228614
2.348576 30.916244879228614
2.247682 30.916244879228614
2.248585 30.916244879228614
2.259428 30.916244879228614
2.270572 30.916244879228614
2.261235 30.916244879228614
2.27539 30.916244879228614
2.355805 30.916244879228614
2.253404 30.916244879228614
2.260934 30.916244879228614
2.269366 30.916244879228614
2.269066 30.916244879228614
2.188049 30.916244879228614
2.171183 30.916244879228614
2.169375 30.916244879228614
2.139258 30.916244879228614
2.140162 30.916244879228614
2.128717 30.916244879228614
2.131427 30.916244879228614
2.141366 30.916244879228614
2.29075 30.916244879228614
2.216961 30.916244879228614
2.150101 30.916244879228614
2.154016 30.916244879228614
2.137752 30.916244879228614
2.153714 30.916244879228614
2.135042 30.916244879228614
2.149499 30.916244879228614
2.150703 30.916244879228614
2.130524 30.916244879228614
2.328096 30.916244879228614
2.310929 30.916244879228614
2.354299 30.916244879228614
3.666224 30.916244879228614
2.222082 30.916244879228614
2.221178 30.916244879228614
2.314543 30.916244879228614
2.141969 30.916244879228614
2.149498 30.916244879228614
2.137752 30.916244879228614
2.133837 30.916244879228614
2.152811 30.916244879228614
2.156727 30.916244879228614
2.458204 30.916244879228614
2.20642 30.916244879228614
2.130223 30.916244879228614
2.135945 30.916244879228614
2.1245 30.916244879228614
2.138957 30.916244879228614
2.189856 30.916244879228614
2.418449 30.916244879228614
2.391645 30.916244879228614
2.169677 30.916244879228614
2.149197 30.916244879228614
2.138355 30.916244879228614
2.156425 30.916244879228614
2.509404 30.916244879228614
2.352491 30.916244879228614
2.144679 30.916244879228614
2.142872 30.916244879228614
2.151004 30.916244879228614
2.208529 30.916244879228614
2.132632 30.916244879228614
2.556086 30.916244879228614
2.732275 30.916244879228614
2.160039 30.916244879228614
2.143173 30.916244879228614
2.138354 30.916244879228614
2.150402 30.916244879228614
2.139258 30.916244879228614
2.209131 30.916244879228614
2.132331 30.916244879228614
2.394355 30.916244879228614
2.223888 30.916244879228614
2.200698 30.916244879228614
3.52166 30.916244879228614
2.291955 30.916244879228614
4.357726 30.916244879228614
4.735703 30.916244879228614
2.228407 30.916244879228614
2.284124 30.916244879228614
2.281112 30.916244879228614
2.363936 30.916244879228614
2.28292 30.916244879228614
2.202505 30.916244879228614
2.210637 30.916244879228614
2.212444 30.916244879228614
2.220274 30.916244879228614
2.322374 30.916244879228614
2.316952 30.916244879228614
2.145281 30.916244879228614
2.14227 30.916244879228614
-
