10
21.267592 72.09766822260875
21.839226 72.09766822260875
21.569071 72.09766822260875
21.574793 72.09766822260875
21.179046 72.09766822260875
21.555216 72.09766822260875
21.308251 72.09766822260875
26.543004 72.09766822260875
21.997344 72.09766822260875
20.812213 72.09766822260875
20.613136 72.09766822260875
20.236665 72.09766822260875
20.260458 72.09766822260875
20.028853 72.09766822260875
22.551207 72.09766822260875
19.843629 72.09766822260875
19.972232 72.09766822260875
20.174924 72.09766822260875
20.589643 72.09766822260875
20.234255 72.09766822260875
20.152335 72.09766822260875
20.219498 72.09766822260875
20.384543 72.09766822260875
20.395686 72.09766822260875
20.086378 72.09766822260875
19.985182 72.09766822260875
20.205944 72.09766822260875
20.46315 72.09766822260875
22.134078 72.09766822260875
21.675687 72.09766822260875
20.580608 72.09766822260875
21.332044 72.09766822260875
20.926661 72.09766822260875
20.891724 72.09766822260875
20.592354 72.09766822260875
20.084872 72.09766822260875
19.817126 72.09766822260875
19.71864 72.09766822260875
20.401408 72.09766822260875
20.199921 72.09766822260875
20.011987 72.09766822260875
20.131855 72.09766822260875
19.939704 72.09766822260875
22.024751 72.09766822260875
19.983375 72.09766822260875
19.929163 72.09766822260875
19.756589 72.09766822260875
19.764721 72.09766822260875
19.827968 72.09766822260875
21.170312 72.09766822260875
20.147817 72.09766822260875
20.64506 72.09766822260875
20.468872 72.09766822260875
20.008674 72.09766822260875
20.211365 72.09766822260875
19.991808 72.09766822260875
19.721953 72.09766822260875
19.771046 72.09766822260875
21.333249 72.09766822260875
19.787911 72.09766822260875
20.472787 72.09766822260875
20.587234 72.09766822260875
20.570971 72.09766822260875
20.192693 72.09766822260875
20.287262 72.09766822260875
20.181248 72.09766822260875
19.851158 72.09766822260875
19.917116 72.09766822260875
19.809295 72.09766822260875
20.190585 72.09766822260875
20.438754 72.09766822260875
20.52971 72.09766822260875
22.18076 72.09766822260875
20.9369 72.09766822260875
20.692948 72.09766822260875
20.393276 72.09766822260875
19.921333 72.09766822260875
19.960486 72.09766822260875
20.195403 72.09766822260875
20.1945 72.09766822260875
20.596571 72.09766822260875
21.746765 72.09766822260875
21.200731 72.09766822260875
21.80188 72.09766822260875
21.592562 72.09766822260875
21.694059 72.09766822260875
22.75932 72.09766822260875
22.448205 72.09766822260875
21.487151 72.09766822260875
21.652195 72.09766822260875
21.636835 72.09766822260875
20.969729 72.09766822260875
21.148929 72.09766822260875
21.097729 72.09766822260875
21.000148 72.09766822260875
20.860703 72.09766822260875
20.633315 72.09766822260875
19.729784 72.09766822260875
19.854773 72.09766822260875
19.785201 72.09766822260875
-
