1
2222.095226 229.00354299092146
2851.302439 229.00354299092146
3175.672753 229.00354299092146
2665.236077 229.00354299092146
2379.425415 229.00354299092146
2263.979568 229.00354299092146
2287.181618 229.00354299092146
2264.081969 229.00354299092146
2288.854354 229.00354299092146
2293.991224 229.00354299092146
2268.334583 229.00354299092146
2241.632859 229.00354299092146
2262.045712 229.00354299092146
2218.246188 229.00354299092146
2236.454127 229.00354299092146
2214.189639 229.00354299092146
2202.442242 229.00354299092146
2264.461451 229.00354299092146
2257.292241 229.00354299092146
2282.688062 229.00354299092146
2264.737931 229.00354299092146
2283.851508 229.00354299092146
2257.116655 229.00354299092146
2262.529703 229.00354299092146
2227.57875 229.00354299092146
2258.782765 229.00354299092146
2248.014492 229.00354299092146
2275.100517 229.00354299092146
2256.651638 229.00354299092146
2239.647804 229.00354299092146
2273.146182 229.00354299092146
2248.358135 229.00354299092146
2257.904232 229.00354299092146
2248.205137 229.00354299092146
2282.287497 229.00354299092146
2243.933247 229.00354299092146
2249.172517 229.00354299092146
2228.38741 229.00354299092146
2258.849324 229.00354299092146
2312.853016 229.00354299092146
2246.358623 229.00354299092146
2213.312312 229.00354299092146
2265.873669 229.00354299092146
2252.55202 229.00354299092146
2278.859504 229.00354299092146
2233.641738 229.00354299092146
2212.886748 229.00354299092146
2271.329183 229.00354299092146
2243.246565 229.00354299092146
2273.832564 229.00354299092146
2259.888082 229.00354299092146
2229.469839 229.00354299092146
2258.800232 229.00354299092146
2257.833154 229.00354299092146
2273.24286 229.00354299092146
2251.249131 229.00354299092146
2218.254621 229.00354299092146
2275.203219 229.00354299092146
2248.279227 229.00354299092146
2269.741681 229.00354299092146
2328.07539 229.00354299092146
2255.06263 229.00354299092146
2274.908367 229.00354299092146
2262.854974 229.00354299092146
2258.980637 229.00354299092146
2259.759481 229.00354299092146
2250.291388 229.00354299092146
2280.224437 229.00354299092146
2399.094964 229.00354299092146
2537.580226 229.00354299092146
2428.203089 229.00354299092146
2294.301436 229.00354299092146
2389.965395 229.00354299092146
2349.61615 229.00354299092146
2276.039587 229.00354299092146
2241.867476 229.00354299092146
2253.313094 229.00354299092146
2264.821658 229.00354299092146
2265.673085 229.00354299092146
2275.918514 229.00354299092146
2235.399104 229.00354299092146
2226.972181 229.00354299092146
2286.581674 229.00354299092146
2251.150044 229.00354299092146
2258.867696 229.00354299092146
2261.362041 229.00354299092146
2233.282435 229.00354299092146
2278.306544 229.00354299092146
2257.521135 229.00354299092146
2276.320886 229.00354299092146
2270.804834 229.00354299092146
2232.472872 229.00354299092146
2267.478037 229.00354299092146
2236.916734 229.00354299092146
2271.270153 229.00354299092146
2254.954206 229.00354299092146
2260.596149 229.00354299092146
2264.361762 229.00354299092146
2247.129033 229.00354299092146
2268.809237 229.00354299092146
-
2
2304.938394 363.54191597415485
2270.261211 363.54191597415485
2339.829715 363.54191597415485
2289.652774 363.54191597415485
2333.004449 363.54191597415485
2367.060304 363.54191597415485
2277.877367 363.54191597415485
2308.063705 363.54191597415485
2312.712367 363.54191597415485
2323.458051 363.54191597415485
2322.857203 363.54191597415485
2295.226349 363.54191597415485
2311.99135 363.54191597415485
2298.790775 363.54191597415485
2330.090263 363.54191597415485
2347.12301 363.54191597415485
2304.449886 363.54191597415485
2369.429662 363.54191597415485
2285.284205 363.54191597415485
2315.737688 363.54191597415485
2325.682241 363.54191597415485
2285.879029 363.54191597415485
2337.178758 363.54191597415485
2291.186063 363.54191597415485
2309.379546 363.54191597415485
2285.957034 363.54191597415485
2256.80825 363.54191597415485
2313.045769 363.54191597415485
2297.543001 363.54191597415485
2307.632721 363.54191597415485
2308.251037 363.54191597415485
2281.83001 363.54191597415485
2308.095931 363.54191597415485
2289.135351 363.54191597415485
2313.243342 363.54191597415485
2292.944033 363.54191597415485
2271.889974 363.54191597415485
2324.930805 363.54191597415485
2296.673202 363.54191597415485
2332.397577 363.54191597415485
2303.814102 363.54191597415485
2285.1291 363.54191597415485
2320.473691 363.54191597415485
2299.611181 363.54191597415485
2308.836524 363.54191597415485
2314.04929 363.54191597415485
2278.269499 363.54191597415485
2313.982731 363.54191597415485
2334.218492 363.54191597415485
2304.851956 363.54191597415485
2289.81571 363.54191597415485
2295.708834 363.54191597415485
2310.327048 363.54191597415485
2301.710081 363.54191597415485
2312.098268 363.54191597415485
2294.756815 363.54191597415485
2262.130945 363.54191597415485
2313.705347 363.54191597415485
2296.083498 363.54191597415485
2320.018914 363.54191597415485
2296.888543 363.54191597415485
2298.2595 363.54191597415485
2313.530363 363.54191597415485
2306.585529 363.54191597415485
2324.076065 363.54191597415485
2280.531336 363.54191597415485
2277.72708 363.54191597415485
2314.720613 363.54191597415485
2315.944596 363.54191597415485
2329.094873 363.54191597415485
2299.720809 363.54191597415485
2281.537568 363.54191597415485
2320.323404 363.54191597415485
2287.779755 363.54191597415485
2308.360967 363.54191597415485
2305.301011 363.54191597415485
2266.003777 363.54191597415485
2340.524229 363.54191597415485
2290.96229 363.54191597415485
2334.669354 363.54191597415485
2308.525709 363.54191597415485
2261.150013 363.54191597415485
2317.252003 363.54191597415485
2326.302363 363.54191597415485
2322.155763 363.54191597415485
2307.455027 363.54191597415485
2292.644663 363.54191597415485
2358.682774 363.54191597415485
2290.756284 363.54191597415485
2316.491533 363.54191597415485
2294.306857 363.54191597415485
2284.792685 363.54191597415485
2315.665706 363.54191597415485
2315.760275 363.54191597415485
2327.58387 363.54191597415485
2292.608823 363.54191597415485
2294.891441 363.54191597415485
2334.06971 363.54191597415485
2292.838921 363.54191597415485
2333.310745 363.54191597415485
-
3
2291.711317 174.5311537798268
2281.316503 174.5311537798268
2374.675256 174.5311537798268
2295.314594 174.5311537798268
2328.944586 174.5311537798268
2288.430598 174.5311537798268
2276.357629 174.5311537798268
2317.551374 174.5311537798268
2303.087362 174.5311537798268
2311.644997 174.5311537798268
2286.648535 174.5311537798268
2291.578798 174.5311537798268
2317.331514 174.5311537798268
2286.264234 174.5311537798268
2321.956684 174.5311537798268
2289.56995 174.5311537798268
2292.191391 174.5311537798268
2333.907376 174.5311537798268
2289.031747 174.5311537798268
2323.468893 174.5311537798268
2309.399123 174.5311537798268
2284.636675 174.5311537798268
2334.130849 174.5311537798268
2283.248251 174.5311537798268
2321.380835 174.5311537798268
2284.098171 174.5311537798268
2305.182648 174.5311537798268
2314.751032 174.5311537798268
2289.418759 174.5311537798268
2302.435014 174.5311537798268
2358.821014 174.5311537798268
2276.561225 174.5311537798268
2326.857733 174.5311537798268
2285.148676 174.5311537798268
2335.532827 174.5311537798268
2307.344194 174.5311537798268
2271.672525 174.5311537798268
2309.93612 174.5311537798268
2295.148345 174.5311537798268
2314.301075 174.5311537798268
2305.12422 174.5311537798268
2287.781563 174.5311537798268
2324.417599 174.5311537798268
2284.310803 174.5311537798268
2319.656598 174.5311537798268
2287.843906 174.5311537798268
2283.481964 174.5311537798268
2314.680256 174.5311537798268
2285.413711 174.5311537798268
2328.07509 174.5311537798268
2297.467706 174.5311537798268
2276.217883 174.5311537798268
2318.276607 174.5311537798268
2291.050234 174.5311537798268
2328.489207 174.5311537798268
2295.451629 174.5311537798268
2264.826477 174.5311537798268
2317.33814 174.5311537798268
2298.898296 174.5311537798268
2332.500881 174.5311537798268
2293.589153 174.5311537798268
2279.478121 174.5311537798268
2316.694225 174.5311537798268
2312.868678 174.5311537798268
2319.554198 174.5311537798268
2309.089814 174.5311537798268
2275.300499 174.5311537798268
2316.136445 174.5311537798268
2284.128289 174.5311537798268
2319.129841 174.5311537798268
2286.543425 174.5311537798268
2263.426307 174.5311537798268
2315.858157 174.5311537798268
2286.269656 174.5311537798268
2303.873133 174.5311537798268
2301.746825 174.5311537798268
2269.861851 174.5311537798268
2318.951544 174.5311537798268
2291.210459 174.5311537798268
2344.260928 174.5311537798268
2284.064741 174.5311537798268
2264.062392 174.5311537798268
2336.661035 174.5311537798268
2291.755589 174.5311537798268
2310.188507 174.5311537798268
2282.370321 174.5311537798268
2254.601227 174.5311537798268
2324.550418 174.5311537798268
2294.290895 174.5311537798268
2319.882782 174.5311537798268
2308.773277 174.5311537798268
2299.480169 174.5311537798268
2323.301138 174.5311537798268
2301.946204 174.5311537798268
2311.129081 174.5311537798268
2284.856835 174.5311537798268
2260.761796 174.5311537798268
2331.303101 174.5311537798268
2293.76504 174.5311537798268
2318.890104 174.5311537798268
-
4
2307.258659 588.9833102157143
2275.647455 588.9833102157143
2328.759362 588.9833102157143
2297.231885 588.9833102157143
2336.979378 588.9833102157143
2314.0005 588.9833102157143
2284.924299 588.9833102157143
2343.798922 588.9833102157143
2295.149851 588.9833102157143
2326.953808 588.9833102157143
2304.164671 588.9833102157143
2304.779976 588.9833102157143
2347.485024 588.9833102157143
2323.075857 588.9833102157143
2349.432432 588.9833102157143
2302.256717 588.9833102157143
2272.84109 588.9833102157143
2349.971538 588.9833102157143
2309.160289 588.9833102157143
2336.936009 588.9833102157143
2311.44863 588.9833102157143
2294.242104 588.9833102157143
2320.010782 588.9833102157143
2319.648166 588.9833102157143
2341.369932 588.9833102157143
2315.471447 588.9833102157143
2282.034207 588.9833102157143
2373.234427 588.9833102157143
2306.420786 588.9833102157143
2326.100575 588.9833102157143
2303.154525 588.9833102157143
2285.171565 588.9833102157143
2332.362942 588.9833102157143
2303.183437 588.9833102157143
2317.795627 588.9833102157143
2295.936825 588.9833102157143
2266.670281 588.9833102157143
2339.755926 588.9833102157143
2303.790911 588.9833102157143
2324.252254 588.9833102157143
2313.716189 588.9833102157143
2279.331146 588.9833102157143
2336.741449 588.9833102157143
2315.27267 588.9833102157143
2324.365797 588.9833102157143
2303.082544 588.9833102157143
2283.751216 588.9833102157143
2317.560107 588.9833102157143
2299.283802 588.9833102157143
2317.76551 588.9833102157143
2299.978315 588.9833102157143
2297.009617 588.9833102157143
2327.237819 588.9833102157143
2305.322997 588.9833102157143
2329.968588 588.9833102157143
2313.253281 588.9833102157143
2319.745144 588.9833102157143
2340.585668 588.9833102157143
2318.340456 588.9833102157143
2339.225856 588.9833102157143
2324.741666 588.9833102157143
2295.585352 588.9833102157143
2328.409094 588.9833102157143
2298.945881 588.9833102157143
2319.996928 588.9833102157143
2304.365556 588.9833102157143
2278.466469 588.9833102157143
2333.26858 588.9833102157143
2298.476648 588.9833102157143
2352.469498 588.9833102157143
2317.458008 588.9833102157143
2307.598086 588.9833102157143
2342.012041 588.9833102157143
2304.907072 588.9833102157143
2321.913918 588.9833102157143
2337.925374 588.9833102157143
2289.961179 588.9833102157143
2344.908758 588.9833102157143
2313.486091 588.9833102157143
2330.967289 588.9833102157143
2379.898564 588.9833102157143
2291.964907 588.9833102157143
2343.986254 588.9833102157143
2328.166045 588.9833102157143
2327.804031 588.9833102157143
2303.851146 588.9833102157143
2263.914514 588.9833102157143
2331.696739 588.9833102157143
2302.520849 588.9833102157143
2318.584409 588.9833102157143
2314.983842 588.9833102157143
2268.340004 588.9833102157143
2336.024648 588.9833102157143
2298.643199 588.9833102157143
2321.943734 588.9833102157143
2316.718619 588.9833102157143
2287.362024 588.9833102157143
2328.041659 588.9833102157143
2306.24008 588.9833102157143
2331.232023 588.9833102157143
-
5
2280.826489 410.2443654956468
2265.788737 410.2443654956468
2301.24386 410.2443654956468
2274.188253 410.2443654956468
2290.855673 410.2443654956468
2266.55734 410.2443654956468
2255.977906 410.2443654956468
2307.048137 410.2443654956468
2266.65462 410.2443654956468
2317.688709 410.2443654956468
2263.464857 410.2443654956468
2287.425873 410.2443654956468
2296.970464 410.2443654956468
2268.373134 410.2443654956468
2303.301499 410.2443654956468
2291.315269 410.2443654956468
2277.290675 410.2443654956468
2326.847794 410.2443654956468
2283.475037 410.2443654956468
2364.734015 410.2443654956468
2267.14373 410.2443654956468
2246.55228 410.2443654956468
2312.511784 410.2443654956468
2285.830238 410.2443654956468
2344.024504 410.2443654956468
2281.805313 410.2443654956468
2244.246773 410.2443654956468
2289.268171 410.2443654956468
2273.898521 410.2443654956468
2289.962684 410.2443654956468
2270.181098 410.2443654956468
2269.185709 410.2443654956468
2307.940825 410.2443654956468
2276.048923 410.2443654956468
2311.013129 410.2443654956468
2285.944685 410.2443654956468
2272.855246 410.2443654956468
2312.971681 410.2443654956468
2288.198994 410.2443654956468
2315.250082 410.2443654956468
2264.638242 410.2443654956468
2239.66738 410.2443654956468
2297.176469 410.2443654956468
2267.542187 410.2443654956468
2303.619541 410.2443654956468
2284.890567 410.2443654956468
2237.490174 410.2443654956468
2307.236674 410.2443654956468
2293.200032 410.2443654956468
2283.707244 410.2443654956468
2269.356777 410.2443654956468
2238.80722 410.2443654956468
2290.200313 410.2443654956468
2263.382938 410.2443654956468
2314.515211 410.2443654956468
2307.623686 410.2443654956468
2271.165946 410.2443654956468
2318.608805 410.2443654956468
2269.067045 410.2443654956468
2309.101259 410.2443654956468
2274.027124 410.2443654956468
2253.438685 410.2443654956468
2299.109421 410.2443654956468
2283.180185 410.2443654956468
2310.177664 410.2443654956468
2273.769316 410.2443654956468
2255.510781 410.2443654956468
2325.524424 410.2443654956468
2291.149922 410.2443654956468
2301.763088 410.2443654956468
2268.218931 410.2443654956468
2244.444344 410.2443654956468
2310.184893 410.2443654956468
2279.068219 410.2443654956468
2318.706386 410.2443654956468
2285.088741 410.2443654956468
2278.040303 410.2443654956468
2296.041936 410.2443654956468
2294.299327 410.2443654956468
2307.021333 410.2443654956468
2280.448211 410.2443654956468
2245.93306 410.2443654956468
2304.277914 410.2443654956468
2280.651807 410.2443654956468
2322.559641 410.2443654956468
2273.751547 410.2443654956468
2243.287223 410.2443654956468
2294.856805 410.2443654956468
2272.760375 410.2443654956468
2298.342926 410.2443654956468
2280.410564 410.2443654956468
2264.161178 410.2443654956468
2315.968087 410.2443654956468
2315.157621 410.2443654956468
2313.743897 410.2443654956468
2274.080432 410.2443654956468
2249.823962 410.2443654956468
2290.036171 410.2443654956468
2280.279251 410.2443654956468
2314.093865 410.2443654956468
-
6
2280.420503 818.162292482993
2275.921827 818.162292482993
2332.624364 818.162292482993
2293.715045 818.162292482993
2307.730603 818.162292482993
2300.144565 818.162292482993
2266.17093 818.162292482993
2312.102183 818.162292482993
2281.27976 818.162292482993
2311.269129 818.162292482993
2288.242062 818.162292482993
2261.998127 818.162292482993
2305.274809 818.162292482993
2315.975617 818.162292482993
2305.182348 818.162292482993
2310.441495 818.162292482993
2275.836292 818.162292482993
2301.462213 818.162292482993
2277.483126 818.162292482993
2309.315395 818.162292482993
2294.185483 818.162292482993
2259.90013 818.162292482993
2317.060756 818.162292482993
2281.514377 818.162292482993
2315.262732 818.162292482993
2284.006915 818.162292482993
2256.616701 818.162292482993
2316.659288 818.162292482993
2279.759119 818.162292482993
2303.003635 818.162292482993
2287.355096 818.162292482993
2261.622559 818.162292482993
2307.958594 818.162292482993
2278.654403 818.162292482993
2323.794767 818.162292482993
2288.539022 818.162292482993
2273.881053 818.162292482993
2307.825474 818.162292482993
2295.421211 818.162292482993
2306.926462 818.162292482993
2287.257816 818.162292482993
2257.1793 818.162292482993
2329.012351 818.162292482993
2292.493171 818.162292482993
2304.035467 818.162292482993
2293.024146 818.162292482993
2294.085492 818.162292482993
2315.871409 818.162292482993
2282.889549 818.162292482993
2311.624818 818.162292482993
2283.793682 818.162292482993
2271.941476 818.162292482993
2302.700651 818.162292482993
2281.783327 818.162292482993
2303.988182 818.162292482993
2305.818433 818.162292482993
2254.833434 818.162292482993
2307.096325 818.162292482993
2277.471682 818.162292482993
2346.284232 818.162292482993
2279.71063 818.162292482993
2252.855607 818.162292482993
2311.97358 818.162292482993
2289.84884 818.162292482993
2316.24517 818.162292482993
2294.01833 818.162292482993
2250.146824 818.162292482993
2298.311001 818.162292482993
2285.023085 818.162292482993
2318.809689 818.162292482993
2289.688312 818.162292482993
2274.627972 818.162292482993
2299.795501 818.162292482993
2274.023208 818.162292482993
2304.957971 818.162292482993
2299.816583 818.162292482993
2259.375179 818.162292482993
2328.626243 818.162292482993
2289.301903 818.162292482993
2308.70491 818.162292482993
2311.971472 818.162292482993
2263.528406 818.162292482993
2318.411233 818.162292482993
2277.720453 818.162292482993
2302.972012 818.162292482993
2283.292223 818.162292482993
2266.988324 818.162292482993
2312.06574 818.162292482993
2288.136349 818.162292482993
2328.785565 818.162292482993
2293.943337 818.162292482993
2277.234355 818.162292482993
2313.605657 818.162292482993
2280.106074 818.162292482993
2314.027004 818.162292482993
2292.325717 818.162292482993
2246.077625 818.162292482993
2298.610973 818.162292482993
2284.882134 818.162292482993
2306.729492 818.162292482993
-
7
2303.105734 624.966174868113
2277.092801 624.966174868113
2325.137412 624.966174868113
2299.77743 624.966174868113
2334.881382 624.966174868113
2308.639555 624.966174868113
2272.100496 624.966174868113
2336.115905 624.966174868113
2330.148089 624.966174868113
2347.595255 624.966174868113
2310.466191 624.966174868113
2278.740238 624.966174868113
2340.153479 624.966174868113
2337.305553 624.966174868113
2345.138255 624.966174868113
2328.615401 624.966174868113
2288.936274 624.966174868113
2320.36346 624.966174868113
2323.887528 624.966174868113
2325.195237 624.966174868113
2308.03419 624.966174868113
2372.801335 624.966174868113
2366.488069 624.966174868113
2314.917583 624.966174868113
2320.788119 624.966174868113
2305.526291 624.966174868113
2307.855893 624.966174868113
2335.549392 624.966174868113
2301.958552 624.966174868113
2344.94761 624.966174868113
2312.743389 624.966174868113
2278.08036 624.966174868113
2357.064551 624.966174868113
2324.516386 624.966174868113
2340.260397 624.966174868113
2319.274706 624.966174868113
2304.986883 624.966174868113
2335.737928 624.966174868113
2323.899275 624.966174868113
2326.953206 624.966174868113
2333.323997 624.966174868113
2299.984339 624.966174868113
2330.267656 624.966174868113
2336.973957 624.966174868113
2344.391337 624.966174868113
2301.849526 624.966174868113
2282.704025 624.966174868113
2324.57632 624.966174868113
2307.213182 624.966174868113
2347.817222 624.966174868113
2337.785327 624.966174868113
2308.594981 624.966174868113
2335.356036 624.966174868113
2350.854287 624.966174868113
2330.77815 624.966174868113
2315.629264 624.966174868113
2313.999597 624.966174868113
2337.237487 624.966174868113
2316.972211 624.966174868113
2329.723731 624.966174868113
2350.298315 624.966174868113
2303.984869 624.966174868113
2344.786481 624.966174868113
2323.48847 624.966174868113
2347.389249 624.966174868113
2306.924956 624.966174868113
2284.64029 624.966174868113
2358.553569 624.966174868113
2313.946891 624.966174868113
2355.319834 624.966174868113
2322.376224 624.966174868113
2280.085595 624.966174868113
2340.919372 624.966174868113
2331.705775 624.966174868113
2326.206891 624.966174868113
2320.067403 624.966174868113
2288.002627 624.966174868113
2333.641437 624.966174868113
2311.870578 624.966174868113
2338.995455 624.966174868113
2313.943276 624.966174868113
2292.148926 624.966174868113
2331.664513 624.966174868113
2308.156768 624.966174868113
2333.118895 624.966174868113
2307.629408 624.966174868113
2278.224924 624.966174868113
2324.412781 624.966174868113
2301.905244 624.966174868113
2326.769187 624.966174868113
2308.961211 624.966174868113
2296.76717 624.966174868113
2350.485045 624.966174868113
2302.909668 624.966174868113
2320.826369 624.966174868113
2303.118685 624.966174868113
2285.854936 624.966174868113
2334.828375 624.966174868113
2310.38638 624.966174868113
2330.258019 624.966174868113
-
8
2297.842069 493.5502482277425
2276.71091 493.5502482277425
2329.586695 493.5502482277425
2291.863411 493.5502482277425
2324.434465 493.5502482277425
2315.498854 493.5502482277425
2274.702061 493.5502482277425
2326.517403 493.5502482277425
2308.036298 493.5502482277425
2316.463824 493.5502482277425
2303.779767 493.5502482277425
2254.339505 493.5502482277425
2331.134141 493.5502482277425
2294.17976 493.5502482277425
2322.796365 493.5502482277425
2293.483439 493.5502482277425
2296.840656 493.5502482277425
2307.199328 493.5502482277425
2289.132039 493.5502482277425
2320.252326 493.5502482277425
2307.97546 493.5502482277425
2266.006488 493.5502482277425
2319.983677 493.5502482277425
2303.031946 493.5502482277425
2317.516136 493.5502482277425
2301.85314 493.5502482277425
2257.76298 493.5502482277425
2320.616449 493.5502482277425
2299.012743 493.5502482277425
2306.128042 493.5502482277425
2296.56779 493.5502482277425
2274.743021 493.5502482277425
2315.544935 493.5502482277425
2306.518969 493.5502482277425
2345.76139 493.5502482277425
2307.378227 493.5502482277425
2275.164668 493.5502482277425
2312.431972 493.5502482277425
2293.529821 493.5502482277425
2331.36424 493.5502482277425
2290.292172 493.5502482277425
2267.862941 493.5502482277425
2330.692014 493.5502482277425
2293.055467 493.5502482277425
2311.882023 493.5502482277425
2287.648744 493.5502482277425
2254.936136 493.5502482277425
2315.154007 493.5502482277425
2297.364102 493.5502482277425
2309.960516 493.5502482277425
2351.896962 493.5502482277425
2268.641483 493.5502482277425
2327.633263 493.5502482277425
2306.325915 493.5502482277425
2320.974246 493.5502482277425
2300.084932 493.5502482277425
2265.681819 493.5502482277425
2316.792709 493.5502482277425
2335.309353 493.5502482277425
2305.482018 493.5502482277425
2328.081414 493.5502482277425
2270.048881 493.5502482277425
2318.908776 493.5502482277425
2301.46643 493.5502482277425
2328.913566 493.5502482277425
2286.548847 493.5502482277425
2274.528282 493.5502482277425
2343.323666 493.5502482277425
2296.653325 493.5502482277425
2376.38594 493.5502482277425
2299.238926 493.5502482277425
2255.407176 493.5502482277425
2309.87709 493.5502482277425
2305.347694 493.5502482277425
2307.589954 493.5502482277425
2280.968042 493.5502482277425
2279.984098 493.5502482277425
2314.089045 493.5502482277425
2325.259087 493.5502482277425
2317.358921 493.5502482277425
2291.863711 493.5502482277425
2272.913071 493.5502482277425
2307.656213 493.5502482277425
2297.32796 493.5502482277425
2322.213889 493.5502482277425
2283.584063 493.5502482277425
2259.547452 493.5502482277425
2336.499001 493.5502482277425
2319.213568 493.5502482277425
2322.490671 493.5502482277425
2291.055955 493.5502482277425
2255.952607 493.5502482277425
2324.405553 493.5502482277425
2301.884162 493.5502482277425
2317.084851 493.5502482277425
2327.571823 493.5502482277425
2291.109866 493.5502482277425
2326.853517 493.5502482277425
2300.477666 493.5502482277425
2326.487286 493.5502482277425
-
9
2296.873183 680.0254300644035
2270.368128 680.0254300644035
2352.532143 680.0254300644035
2300.767398 680.0254300644035
2351.935512 680.0254300644035
2322.319602 680.0254300644035
2279.672078 680.0254300644035
2338.397921 680.0254300644035
2315.158524 680.0254300644035
2396.565381 680.0254300644035
2329.109933 680.0254300644035
2290.033461 680.0254300644035
2328.983739 680.0254300644035
2333.404411 680.0254300644035
2329.528869 680.0254300644035
2320.892025 680.0254300644035
2289.08114 680.0254300644035
2337.667868 680.0254300644035
2316.10452 680.0254300644035
2321.297108 680.0254300644035
2308.469993 680.0254300644035
2291.398695 680.0254300644035
2325.248547 680.0254300644035
2311.160705 680.0254300644035
2320.242387 680.0254300644035
2293.957492 680.0254300644035
2288.271577 680.0254300644035
2327.960039 680.0254300644035
2319.101229 680.0254300644035
2332.514735 680.0254300644035
2298.240525 680.0254300644035
2290.658403 680.0254300644035
2323.927886 680.0254300644035
2301.618222 680.0254300644035
2327.768491 680.0254300644035
2304.702272 680.0254300644035
2287.769816 680.0254300644035
2367.607542 680.0254300644035
2308.999763 680.0254300644035
2328.85574 680.0254300644035
2305.445275 680.0254300644035
2274.741817 680.0254300644035
2347.341664 680.0254300644035
2299.033222 680.0254300644035
2334.473287 680.0254300644035
2322.289184 680.0254300644035
2294.032485 680.0254300644035
2358.328289 680.0254300644035
2309.080779 680.0254300644035
2324.82991 680.0254300644035
2331.80185 680.0254300644035
2278.644766 680.0254300644035
2349.870042 680.0254300644035
2302.899428 680.0254300644035
2331.906961 680.0254300644035
2311.538681 680.0254300644035
2282.266716 680.0254300644035
2346.823038 680.0254300644035
2310.290605 680.0254300644035
2323.855302 680.0254300644035
2301.779954 680.0254300644035
2275.038476 680.0254300644035
2340.224256 680.0254300644035
2298.42334 680.0254300644035
2347.624167 680.0254300644035
2295.630528 680.0254300644035
2280.505134 680.0254300644035
2329.218356 680.0254300644035
2348.30031 680.0254300644035
2327.10259 680.0254300644035
2348.315368 680.0254300644035
2284.012637 680.0254300644035
2335.94815 680.0254300644035
2321.494378 680.0254300644035
2328.35157 680.0254300644035
2300.614701 680.0254300644035
2273.484404 680.0254300644035
2340.12035 680.0254300644035
2301.738994 680.0254300644035
2317.838395 680.0254300644035
2309.464478 680.0254300644035
2286.235622 680.0254300644035
2322.671377 680.0254300644035
2302.006138 680.0254300644035
2319.993615 680.0254300644035
2315.739193 680.0254300644035
2290.601179 680.0254300644035
2338.440688 680.0254300644035
2320.168599 680.0254300644035
2321.081465 680.0254300644035
2301.570637 680.0254300644035
2290.861998 680.0254300644035
2343.735976 680.0254300644035
2319.198208 680.0254300644035
2332.687309 680.0254300644035
2315.918995 680.0254300644035
2284.60445 680.0254300644035
2341.085019 680.0254300644035
2305.947036 680.0254300644035
2333.796543 680.0254300644035
-
