10
4.168587 43.18773908826259
2.922017 43.18773908826259
2.936473 43.18773908826259
2.965085 43.18773908826259
3.099409 43.18773908826259
2.965988 43.18773908826259
2.966591 43.18773908826259
3.031043 43.18773908826259
3.292765 43.18773908826259
5.598272 43.18773908826259
3.399984 43.18773908826259
3.558101 43.18773908826259
2.511814 43.18773908826259
4.351099 43.18773908826259
2.460011 43.18773908826259
2.299785 43.18773908826259
2.28804 43.18773908826259
2.567833 43.18773908826259
2.391645 43.18773908826259
2.296773 43.18773908826259
2.949122 43.18773908826259
2.325687 43.18773908826259
2.36996 43.18773908826259
2.689207 43.18773908826259
2.351889 43.18773908826259
2.345866 43.18773908826259
2.371766 43.18773908826259
2.387428 43.18773908826259
2.480792 43.18773908826259
2.395259 43.18773908826259
2.328397 43.18773908826259
2.273583 43.18773908826259
2.291051 43.18773908826259
2.32659 43.18773908826259
2.289546 43.18773908826259
2.371164 43.18773908826259
2.319964 43.18773908826259
2.284727 43.18773908826259
2.310025 43.18773908826259
2.281413 43.18773908826259
2.312735 43.18773908826259
3.868916 43.18773908826259
2.307917 43.18773908826259
2.338939 43.18773908826259
2.353696 43.18773908826259
2.542835 43.18773908826259
2.322675 43.18773908826259
2.28563 43.18773908826259
2.276896 43.18773908826259
2.275992 43.18773908826259
2.283522 43.18773908826259
2.294666 43.18773908826259
2.586807 43.18773908826259
2.300388 43.18773908826259
2.271173 43.18773908826259
2.337433 43.18773908826259
2.272981 43.18773908826259
2.284726 43.18773908826259
2.378693 43.18773908826259
2.28563 43.18773908826259
2.279907 43.18773908826259
2.285932 43.18773908826259
2.263945 43.18773908826259
2.288341 43.18773908826259
2.34948 43.18773908826259
2.327493 43.18773908826259
2.283221 43.18773908826259
2.259729 43.18773908826259
2.270872 43.18773908826259
2.275088 43.18773908826259
2.294365 43.18773908826259
2.325687 43.18773908826259
2.263945 43.18773908826259
2.246176 43.18773908826259
2.23955 43.18773908826259
2.214853 43.18773908826259
2.223888 43.18773908826259
2.376886 43.18773908826259
2.264548 43.18773908826259
2.296773 43.18773908826259
2.292256 43.18773908826259
2.271173 43.18773908826259
2.266656 43.18773908826259
2.260633 43.18773908826259
2.38803 43.18773908826259
2.298279 43.18773908826259
2.493442 43.18773908826259
2.474167 43.18773908826259
2.322674 43.18773908826259
2.310628 43.18773908826259
2.328096 43.18773908826259
2.288943 43.18773908826259
2.38291 43.18773908826259
2.34707 43.18773908826259
2.28322 43.18773908826259
2.280209 43.18773908826259
3.578581 43.18773908826259
2.282919 43.18773908826259
2.278101 43.18773908826259
2.400379 43.18773908826259
-
